1 19.479497371680008 -103.59648976110397 1.9618736064551634
2 5.388567916750379 2.020399937702451 -0.016671349909118283
3 19.8477005048947 2.868276546235281 0.029721152708396134
4 20.353148289663768 -5.758865517120991 0.010083611799759359
5 19.476243577475234 9.864907014779748 0.02494995474751458
6 27.972709275144208 7.517185657389909 0.17385216067732218
7 24.16253457119459 15.763564400013518 0.1055119579458934
8 16.033191801000523 15.3872551034998 0.17789458958087145
9 7.784328033397724 14.926294766463242 0.12317355733679293
10 4.978743642486291 9.025364735872854 -0.011367850220913044
11 -0.49201763363984913 14.52526967953413 0.05154771640218703
12 5.947378468203854 -6.518133660931608 0.02885581192321616
13 6.343860780394845 -13.575992523673234 -0.14448371445811456
14 5.192046502249819 -19.39830338446247 3.058902066045567
15 20.685567964943072 -12.703022041434783 -0.05060345582417151
16 22.657868893385015 -18.32811553002032 3.1263487957804053
17 22.459164180180977 -27.353263722190366 -0.10616945573269806
18 33.08255050201563 -18.480572006194652 0.041870775234439425
19 40.098477160234125 -18.06761615359906 0.07158421285136526
20 49.662017357058645 -17.53322329947619 0.2549920112379198
21 57.84284523957876 -17.149245329173603 0.09041305103787428
22 -7.350125593303576 -22.41324534309988 0.27119149019631966
23 -7.956464404016738 -51.6560129649986 2.292257023647507
24 6.525228486742292 -47.18656736101423 -0.16212053229766232
25 28.107148234718927 -36.8151791900636 -0.08215748182007601
26 47.5346537752888 -47.80799449177213 2.7466847323453663
27 31.772620183116985 -77.98015069061856 -0.1337502382976829
28 49.03235430837776 -84.1276043201541 2.4832815536868407
29 27.129111170768738 -93.07179721196492 -0.20285704289563
30 37.835093487688745 -101.99835228715823 2.3349956907686846
31 28.014938326024296 -110.99484890610424 -0.29082835788157446
32 28.41876466924494 -119.86380004882812 -0.42583922960541465
33 21.73449208363643 -130.8580599094502 -0.6660719177749065
34 7.308160091701307 -121.16940863090649 -0.4684371911642844
35 6.765981063508151 -111.45836706328811 -0.3685394133392133
36 0.21440059039813142 -104.67347305677188 2.026519514154145
37 5.858248927919935 -94.87366786916841 -0.25576533253673595
38 -6.231038327906005 -90.22740568369386 2.2710694399731075
39 -6.879287096370546 -70.52549292636522 2.360384825217656
40 8.975052344392903 -145.281640515471 2.020188097260414
41 7.89202848790069 -131.59503122082643 -0.705651920379359
42 24.620856702124616 -144.54769915445223 2.0135922865813054
43 14.847607574462891 -131.26114501953126 -0.580950779914856
44 29.5716810335124 -139.88070370389036 -0.8287545309377642
45 29.014222152532888 -130.4377257633164 -0.6970081306048206
46 42.40272177824942 -142.82329766856105 1.4913669335346849
47 51.609112032074314 -142.02523696413311 1.7742347764445114
48 41.655038455607716 -130.08607055366068 1.957846511116992
49 87.6216796347148 -155.7184903606294 6.262002918694978
50 59.471533985609454 -180.14508056339398 1.9710100705420939
51 38.742386443880584 -181.04570983126814 1.9364739764505454
52 21.984563631526854 -178.50070641910094 1.8568045834933278
53 4.674877418538706 -180.20280254313653 1.7244113544774913
54 -20.201558721667677 -181.09672487856525 1.8791451054220059
55 -33.657128536470125 -181.7800305421776 2.0311935458556793
56 -95.99727099838847 -186.80300749043147 1.300960798025903
57 -91.00049340718901 -147.6497812904437 1.9818969637459798
58 -21.567950351818187 -149.5695235793655 -0.834846892066904
59 -48.84363091611741 -142.7798545512123 2.2762841912144127
60 -33.12270622164635 -141.75695575728813 2.2552321838909553
61 -78.72399484541123 -149.46125220349717 2.0687875846105697
62 -103.2752224974516 -142.63821235337036 2.1195594149457153
63 -92.21436672636408 -135.13180237866501 -0.5236731330448313
64 -84.92117423809039 -134.6827183873118 -0.46821022296282927
65 -99.04917731004004 -135.43309597997296 -0.6102655230477317
66 -106.51475634926561 -135.93411292526787 -0.6843174149255608
67 -112.66159089687245 -136.25257654767103 -0.7049702283026003
68 -104.42290679546852 -141.97353297229478 -0.5635828255072961
69 -121.5817777633667 -123.18716526031494 1.9997030317783355
70 -124.81155166625976 -99.9127591451009 2.064055788516998
71 -122.63588892874407 -92.93725863892828 0.060193257493884815
72 -125.66419626871745 -85.95670284695096 2.262336320347256
73 -127.33718576738912 -68.79614048619425 2.4155234367616716
74 -129.87067522321428 -47.127551378522604 2.601819566317967
75 -132.8435518903727 -11.360265404277165 2.8675187777376316
76 -40.78160705709317 -158.03672265492696 6.394895671894855
77 -58.45550409357218 -161.3871279380733 6.5155792757461635
78 -82.45339787848144 -162.74709737221136 6.39674046601606
79 -101.47936962143154 -163.88515116768104 6.6017961298103
80 -14.968129970030617 -158.7806670114421 6.42328611741935
81 36.66424850712763 -156.6485900551353 6.453541122130095
82 11.986074488310233 -157.63129040776923 6.510156359575487
83 63.741015309229105 -155.98425991467408 6.3074142712165555
84 -130.76887857680083 -34.02668003188008 3.3043613331372104
