0.039352 0.008467 -0.004780 -0.007211 0.213177 0.001350 0.976986
0.851117 0.015286 -0.013451 -0.003374 0.213374 0.008969 0.976924
1.695282 0.031616 -0.011445 -0.008526 0.209139 -0.005063 0.977836
2.497141 0.042794 -0.007460 -0.009694 0.207207 0.003021 0.978245
3.323087 0.063278 0.000595 -0.010031 0.206901 0.007106 0.978285
4.145588 0.091939 0.004017 -0.012253 0.208006 0.000622 0.978051
4.964576 0.110617 0.013707 -0.011481 0.208477 0.001855 0.977958
5.771986 0.132178 0.016143 -0.014058 0.209234 -0.006127 0.977745
6.583076 0.143955 0.016767 -0.013540 0.208820 -0.009679 0.977812
7.402190 0.136698 0.014739 -0.012557 0.211123 -0.013704 0.977283
8.227307 0.141034 0.013478 -0.013971 0.207935 -0.013341 0.977952
9.041481 0.137584 0.011590 -0.011560 0.215575 -0.017336 0.976265
9.878128 0.118326 0.006550 -0.005307 0.207809 -0.016657 0.978013
10.718510 0.087707 0.060025 0.011398 0.181580 -0.002728 0.983306
11.531202 0.090200 0.090968 0.010413 0.191685 0.011920 0.981329
12.352110 0.100786 0.115930 0.005627 0.199017 0.014792 0.979868
13.159930 0.147566 0.157268 -0.002268 0.184598 0.021070 0.982586
13.960088 0.199851 0.186044 -0.008445 0.198615 0.019015 0.979857
14.779377 0.231590 0.196415 -0.005731 0.206010 0.019236 0.978344
15.583304 0.287861 0.207396 -0.011128 0.204751 0.016135 0.978618
16.414527 0.338298 0.227298 -0.010412 0.204612 0.015899 0.978659
17.245143 0.363131 0.233825 -0.008520 0.203795 0.013632 0.978882
18.062486 0.411838 0.253941 -0.009394 0.202373 0.021439 0.979029
18.872458 0.459653 0.260882 -0.010367 0.208530 0.018527 0.977786
19.711128 0.501252 0.277716 -0.009902 0.205482 0.019930 0.978408
20.538822 0.534098 0.294815 -0.003877 0.206537 0.016087 0.978299
21.343393 0.579686 0.312768 -0.003917 0.203566 0.036484 0.978373
22.153467 0.640034 0.325720 -0.006553 0.206724 0.024204 0.978078
22.979508 0.692993 0.334278 -0.008617 0.205926 0.024885 0.978213
23.820878 0.759675 0.348471 -0.009939 0.209641 0.027090 0.977352
24.625552 0.805611 0.350035 -0.009564 0.213433 0.028495 0.976495
25.429746 0.852315 0.368284 -0.002988 0.200682 0.028227 0.979245
26.236360 0.907145 0.374248 -0.008061 0.209641 0.033706 0.977164
27.061557 0.989034 0.382961 -0.015057 0.208858 0.034795 0.977211
27.865083 1.050472 0.388742 -0.009483 0.209240 0.035626 0.977169
28.673812 1.163807 0.405672 -0.017214 0.204005 0.079190 0.975610
29.486512 1.289495 0.419056 -0.014340 0.208318 0.069211 0.975504
30.320722 1.410463 0.427943 -0.015902 0.204438 0.061967 0.976787
31.130609 1.519854 0.442120 -0.010739 0.203855 0.063085 0.976907
31.952088 1.631115 0.444353 -0.009544 0.206265 0.053535 0.976984
32.746165 1.746057 0.456078 -0.010959 0.208451 0.061387 0.976043
33.575718 1.855486 0.464636 -0.015164 0.206193 0.056313 0.976772
34.394442 1.948907 0.474087 -0.010980 0.208709 0.036103 0.977250
35.194900 2.003137 0.486239 -0.009449 0.205753 0.008893 0.978518
36.036271 2.047297 0.488962 -0.019483 0.206097 0.022575 0.978077
36.867722 2.086577 0.512035 -0.010780 0.206687 0.028577 0.977930
37.673224 2.142376 0.507951 -0.009227 0.206035 0.031616 0.977990
38.498747 2.213681 0.525163 -0.011630 0.202170 0.030847 0.978795
39.311532 2.285515 0.519839 -0.013626 0.211976 0.036850 0.976485
40.120047 2.339445 0.532206 -0.008636 0.206885 0.042407 0.977408
40.935432 2.411764 0.540094 -0.011033 0.204939 0.028846 0.978287
41.744662 2.479749 0.545239 -0.014221 0.205547 0.032619 0.978000
42.572985 2.535197 0.541046 -0.008105 0.212733 0.030804 0.976591
43.388220 2.617508 0.545732 -0.010460 0.214966 0.028255 0.976157
44.221945 2.668472 0.555140 -0.008705 0.206913 0.023696 0.978034
45.042357 2.724089 0.553863 -0.009698 0.212450 0.018827 0.976942
45.855420 2.767945 0.550774 -0.012299 0.203897 0.015969 0.978785
46.660525 2.818257 0.554550 -0.013068 0.211886 0.013764 0.977110
47.489250 2.857070 0.558539 -0.012305 0.210421 0.012600 0.977452
48.288957 2.890427 0.565156 -0.012579 0.210466 0.016299 0.977384
49.111908 2.952976 0.562031 -0.014933 0.206331 0.045750 0.977298
49.929815 3.083379 0.574016 -0.024502 0.205203 0.092756 0.974006
50.729081 3.265394 0.574601 -0.034870 0.210155 0.105617 0.971321
51.548757 3.445761 0.577482 -0.031740 0.206793 0.108013 0.971886
52.361382 3.649179 0.568794 -0.034329 0.207063 0.106420 0.971916
53.191421 3.829833 0.582987 -0.018640 0.209789 0.065015 0.975405
54.003378 3.870046 0.581309 -0.002401 0.205281 -0.034426 0.978095
54.852752 3.821776 0.593064 0.001166 0.202804 -0.024354 0.978916
55.653156 3.804886 0.599829 -0.007704 0.209668 0.001493 0.977741
56.457959 3.812709 0.600466 -0.004012 0.207912 -0.007506 0.978111
57.298941 3.824707 0.610524 -0.005922 0.208206 -0.014242 0.977963
58.149238 3.824777 0.595748 -0.008321 0.206137 -0.018064 0.978321
58.974302 3.806370 0.615622 -0.005705 0.208261 -0.018661 0.977879
59.779041 3.793554 0.615435 -0.009885 0.215130 -0.017724 0.976374
60.590584 3.816785 0.618589 -0.015542 0.212762 0.006011 0.976962
61.448765 3.838470 0.622985 -0.006067 0.214166 -0.000463 0.976778
62.258928 3.850634 0.624007 -0.011600 0.208555 0.005102 0.977929
63.082312 3.888797 0.624307 -0.007711 0.206448 0.013475 0.978334
63.923447 3.972538 0.624681 -0.019002 0.216260 0.035812 0.975494
64.755414 4.052227 0.625475 -0.020574 0.210327 0.042040 0.976510
65.548206 4.146107 0.621774 -0.024309 0.209906 0.050787 0.976099
66.236127 4.556839 0.618582 -0.096743 0.194442 0.396915 0.891791
66.786877 5.159855 0.621204 -0.083992 0.184441 0.359337 0.910936
67.382230 5.694398 0.606182 -0.081378 0.197315 0.282249 0.935296
68.084873 6.143245 0.602173 -0.079593 0.201735 0.288304 0.932657
68.765447 6.610597 0.615196 -0.054711 0.196762 0.274239 0.939726
69.535406 6.929022 0.623588 -0.014406 0.197807 0.256290 0.946034
70.321645 7.124570 0.618694 0.040047 0.230115 -0.044155 0.971336
71.084089 6.856349 0.610334 0.084682 0.214148 -0.320865 0.918703
71.754086 6.348900 0.610295 0.060914 0.197832 -0.337027 0.918458
72.505969 6.046189 0.607751 0.003258 0.211198 -0.077461 0.974364
73.319890 5.922645 0.604282 0.011258 0.209482 -0.081629 0.974334
74.112217 5.788327 0.606085 0.005685 0.213522 -0.068384 0.974525
74.951431 5.721169 0.598475 -0.000422 0.209807 -0.034317 0.977140
75.752307 5.697905 0.616393 -0.008092 0.205080 0.001846 0.978710
76.559983 5.759749 0.601071 -0.007440 0.210830 0.007651 0.977464
77.393412 5.777742 0.606347 -0.005580 0.209503 0.010102 0.977740
78.207395 5.815036 0.608351 -0.010956 0.204344 0.006274 0.978818
79.032683 5.818156 0.613247 -0.010283 0.206297 0.013750 0.978339
79.846511 5.870025 0.600486 -0.011186 0.213777 0.012060 0.976744
80.654404 5.892547 0.597740 -0.001599 0.209447 0.013722 0.977722
81.458741 5.944963 0.594121 -0.013083 0.212719 0.018717 0.976846
82.294479 5.998890 0.597021 -0.011289 0.205836 0.020312 0.978310
83.113362 6.044568 0.604990 -0.010501 0.207983 0.013556 0.977982
83.945010 6.088503 0.605733 -0.012193 0.205201 0.018388 0.978471
84.760220 6.130817 0.605454 -0.006834 0.207972 0.017202 0.977960
85.578606 6.163902 0.623965 -0.012396 0.213028 0.019683 0.976769
86.384924 6.223275 0.612326 -0.008290 0.209567 0.015949 0.977629
87.193639 6.260343 0.605422 -0.007771 0.208321 0.017287 0.977877
88.007451 6.314195 0.601078 -0.011925 0.215194 0.015903 0.976369
88.821173 6.339071 0.605837 -0.001429 0.209087 -0.012731 0.977813
89.658351 6.302456 0.602161 0.002213 0.211937 -0.034168 0.976683
90.500514 6.283067 0.591307 -0.001279 0.214210 -0.027030 0.976413
91.303137 6.254503 0.590372 0.000170 0.208858 -0.014940 0.977832
92.104371 6.218890 0.597305 -0.001021 0.209765 -0.028662 0.977331
92.926238 6.219775 0.593559 -0.014266 0.213526 0.001965 0.976831
93.771148 6.215591 0.606153 -0.007712 0.205608 -0.007265 0.978577
94.606438 6.198966 0.598573 -0.004788 0.212387 -0.006045 0.977155
95.420841 6.227420 0.596492 -0.007825 0.210388 -0.002954 0.977582
96.256300 6.220628 0.596819 -0.008652 0.213746 -0.000228 0.976851
97.112588 6.232289 0.599268 -0.000968 0.219010 -0.003237 0.975717
97.934700 6.245498 0.594747 -0.005880 0.220176 -0.002864 0.975438
98.748112 6.272158 0.573689 -0.008935 0.211322 -0.008385 0.977340
99.547970 6.290426 0.562615 -0.006301 0.215930 0.004210 0.976380
100.355631 6.305969 0.570034 -0.007588 0.211445 -0.001000 0.977360
101.159293 6.332675 0.572555 -0.004614 0.205775 0.006175 0.978569
102.000095 6.360274 0.581656 -0.008050 0.212601 0.014436 0.976999
102.824949 6.384598 0.580591 -0.006264 0.217647 0.002678 0.976004
103.658243 6.419975 0.569404 -0.012704 0.211126 0.008568 0.977339
104.480615 6.419277 0.550803 0.004191 0.225969 -0.008119 0.974092
105.298585 6.419829 0.531846 0.016542 0.227383 0.011969 0.973591
106.113466 6.437540 0.490856 0.014307 0.231595 0.037589 0.971980
106.940272 6.449500 0.474012 0.017736 0.220494 0.001830 0.975225
107.750760 6.477137 0.459533 0.000330 0.205143 -0.014248 0.978628
108.565388 6.472163 0.464734 -0.003846 0.209341 -0.024716 0.977523
109.369372 6.444906 0.472984 -0.002715 0.209419 -0.023554 0.977539
110.183896 6.423396 0.475578 -0.003423 0.210013 -0.018139 0.977524
111.026078 6.413494 0.480258 -0.005699 0.209087 -0.015120 0.977764
111.859027 6.394589 0.475458 -0.004456 0.208724 -0.023086 0.977692
112.707211 6.377908 0.481314 -0.008404 0.210233 -0.025383 0.977286
113.551098 6.339616 0.486930 -0.004611 0.208674 -0.035319 0.977336
114.362024 6.309494 0.491448 -0.007479 0.210784 -0.010764 0.977445
115.193631 6.343772 0.496522 -0.024720 0.209304 0.067378 0.975213
115.992455 6.506884 0.498585 -0.031997 0.207414 0.089819 0.973596
116.815555 6.682330 0.495931 -0.027553 0.208706 0.063822 0.975505
117.639030 6.777288 0.505491 -0.013396 0.201279 0.089454 0.975349
118.442282 6.924094 0.535745 -0.014670 0.190772 0.104091 0.975990
119.265548 7.102080 0.567778 -0.016551 0.184525 0.096134 0.977975
120.091514 7.275417 0.583281 -0.017147 0.204505 0.098812 0.973715
120.899463 7.414865 0.597141 -0.009325 0.209022 0.051188 0.976526
121.700237 7.516769 0.591104 -0.010695 0.210326 0.057899 0.975857
122.514225 7.642869 0.600408 -0.023003 0.214041 0.080593 0.973222
123.289125 7.855646 0.598780 -0.036708 0.209075 0.150888 0.965491
124.058166 8.122227 0.599088 -0.033224 0.206963 0.149919 0.966223
124.817209 8.381605 0.595582 -0.034680 0.206618 0.156037 0.965276
125.632696 8.580463 0.598439 -0.009451 0.207943 0.057522 0.976402
126.437284 8.693977 0.601530 -0.015121 0.208257 0.069490 0.975485
127.250268 8.742677 0.591586 0.006847 0.211062 -0.026334 0.977094
128.071304 8.705965 0.597867 0.005125 0.214208 -0.019812 0.976574
128.881749 8.692891 0.602111 0.003470 0.211485 -0.011737 0.977305
129.714527 8.684993 0.595782 -0.002574 0.216439 0.020702 0.976073
130.508351 8.809368 0.611557 -0.022461 0.198239 0.087753 0.975959
131.302218 9.043474 0.585733 -0.037253 0.214746 0.141287 0.965678
132.043986 9.374312 0.588093 -0.061958 0.203146 0.268022 0.939711
132.683350 9.887667 0.587168 -0.079771 0.196428 0.383111 0.899043
133.245846 10.492853 0.591947 -0.081137 0.190232 0.389514 0.897501
133.753249 11.119862 0.584356 -0.099929 0.190384 0.445798 0.868926
134.248574 11.756579 0.579637 -0.095986 0.196300 0.435494 0.873269
134.741617 12.427872 0.568098 -0.097944 0.188523 0.428709 0.878108
135.224563 13.096579 0.568362 -0.097897 0.193922 0.434746 0.873960
135.715289 13.764016 0.553672 -0.096692 0.191830 0.434101 0.874876
136.228248 14.443037 0.553195 -0.095398 0.186457 0.435556 0.875456
136.713358 15.147849 0.550790 -0.102375 0.181035 0.443301 0.871911
137.212956 15.789123 0.538399 -0.099256 0.204423 0.442919 0.867285
137.685885 16.495437 0.529632 -0.100006 0.190246 0.466211 0.858168
138.086491 17.211740 0.531827 -0.117232 0.178764 0.517027 0.828845
138.446141 17.931771 0.527848 -0.116132 0.183335 0.508574 0.833219
138.788553 18.655159 0.524473 -0.117700 0.175783 0.537560 0.816258
139.052948 19.426306 0.510439 -0.128678 0.180494 0.576475 0.786474
139.299025 20.194625 0.503409 -0.127901 0.176511 0.567107 0.794276
139.551382 20.999712 0.514063 -0.125815 0.165585 0.600760 0.771907
139.716441 21.830742 0.511172 -0.134350 0.165031 0.621759 0.753744
139.883510 22.648670 0.511923 -0.133497 0.169445 0.607166 0.764733
139.994517 23.477089 0.506778 -0.148416 0.149511 0.686986 0.695463
139.943694 24.288426 0.507828 -0.156606 0.153210 0.700995 0.678680
139.885166 25.122746 0.504009 -0.149567 0.142926 0.704752 0.678621
139.866356 25.941552 0.505823 -0.155991 0.147842 0.706546 0.674243
139.817673 26.785035 0.506978 -0.156143 0.148908 0.710856 0.669425
139.729626 27.585068 0.482128 -0.158593 0.144722 0.717708 0.662419
139.650602 28.401077 0.494477 -0.150044 0.140435 0.718589 0.664375
139.565474 29.211866 0.457050 -0.174018 0.150904 0.727454 0.646341
139.478562 30.031477 0.448992 -0.156370 0.142881 0.726404 0.653812
139.380702 30.862254 0.459445 -0.151304 0.140960 0.726964 0.654798
139.265401 31.693906 0.465967 -0.156328 0.139492 0.737725 0.641768
139.147156 32.493783 0.483213 -0.155807 0.136732 0.747414 0.631190
138.986343 33.305176 0.474927 -0.158091 0.133320 0.750257 0.627970
138.837168 34.128418 0.486350 -0.156326 0.134570 0.758482 0.618189
138.667224 34.930990 0.494839 -0.159390 0.129651 0.762972 0.612910
138.503431 35.750591 0.492098 -0.159697 0.135467 0.760310 0.614877
138.353316 36.540320 0.511908 -0.155558 0.137276 0.754636 0.622481
138.157675 37.348176 0.526697 -0.156178 0.130260 0.759221 0.618243
137.993443 38.140202 0.524668 -0.160360 0.135148 0.755405 0.620793
137.806654 38.940315 0.518465 -0.161914 0.130733 0.771220 0.601591
137.614482 39.763540 0.545360 -0.156776 0.135296 0.763668 0.611495
137.420531 40.568624 0.555305 -0.159672 0.130492 0.770868 0.602693
137.220811 41.343573 0.563610 -0.153291 0.127428 0.769948 0.606171
137.027219 42.128294 0.582276 -0.157917 0.127178 0.773018 0.601108
136.827840 42.930517 0.596085 -0.160209 0.123287 0.771646 0.603072
136.613149 43.713677 0.603779 -0.162674 0.122457 0.779220 0.592755
136.404538 44.514142 0.620448 -0.163604 0.131648 0.764357 0.609640
136.416005 45.328168 0.619331 -0.138446 0.155546 0.662091 0.719912
136.527515 46.127193 0.631895 -0.123845 0.174449 0.578656 0.787011
137.004891 46.781501 0.622777 -0.065512 0.213622 0.286392 0.931694
137.749131 46.454223 0.596627 0.115592 0.186372 -0.594357 0.773721
137.915830 45.642984 0.592028 0.134986 0.165663 -0.662010 0.718386
138.006880 44.836122 0.588792 0.133561 0.164938 -0.669316 0.712020
138.084024 43.992570 0.570060 0.130857 0.167359 -0.668478 0.712745
138.099405 43.156768 0.575251 0.150385 0.158567 -0.732653 0.644562
138.018263 42.336684 0.559929 0.151337 0.161070 -0.727815 0.649183
137.970106 41.539380 0.550713 0.143878 0.165199 -0.713459 0.665571
137.912798 40.689066 0.542336 0.142495 0.164688 -0.729122 0.648810
137.826482 39.835172 0.536674 0.142578 0.156851 -0.736905 0.641904
137.736883 39.010451 0.533198 0.143043 0.163704 -0.734599 0.642732
137.630987 38.191166 0.532505 0.149289 0.150536 -0.735196 0.643847
137.623388 37.348070 0.530336 0.134171 0.162197 -0.685536 0.696944
137.657979 36.494282 0.521660 0.139939 0.165609 -0.693760 0.686795
137.712030 35.658618 0.504950 0.130409 0.173232 -0.656275 0.722694
137.832388 34.828060 0.505475 0.125818 0.174495 -0.652945 0.726212
137.926821 34.006754 0.492700 0.130291 0.167307 -0.664592 0.716485
138.015664 33.208197 0.482055 0.128381 0.174391 -0.656252 0.722800
138.113592 32.348585 0.490743 0.130708 0.170988 -0.653134 0.726013
138.236321 31.558006 0.485927 0.127416 0.174509 -0.637416 0.739603
138.360065 30.731646 0.481016 0.123717 0.170178 -0.648082 0.731931
138.486241 29.908030 0.472690 0.132941 0.168900 -0.650064 0.728846
138.591425 29.079165 0.482361 0.125892 0.169439 -0.638968 0.739703
138.782011 28.291739 0.493223 0.108365 0.160142 -0.600835 0.775635
138.974291 27.507818 0.497893 0.123537 0.178720 -0.614380 0.758509
139.178545 26.699368 0.498836 0.121517 0.168428 -0.606416 0.767545
139.392361 25.875958 0.497808 0.117987 0.172112 -0.607275 0.766599
139.581313 25.071707 0.498212 0.127241 0.166236 -0.639358 0.739863
139.707839 24.265949 0.500967 0.125265 0.168185 -0.651811 0.728810
139.788586 23.437542 0.509608 0.135031 0.162079 -0.669587 0.712145
139.832886 22.608038 0.511288 0.146381 0.160284 -0.703438 0.676799
139.762341 21.778158 0.500826 0.150405 0.145977 -0.748975 0.628575
139.581952 20.961618 0.500783 0.155409 0.128510 -0.803480 0.560137
139.268832 20.223064 0.493779 0.172489 0.124988 -0.832546 0.511363
138.926326 19.487413 0.492141 0.171258 0.121978 -0.835986 0.506872
138.558807 18.751692 0.503603 0.164644 0.116667 -0.840381 0.503031
138.183384 18.023925 0.508756 0.171281 0.117617 -0.838042 0.504495
137.816723 17.295053 0.526216 0.167132 0.115858 -0.840033 0.502980
137.451156 16.566692 0.533459 0.167096 0.118185 -0.844275 0.495290
137.073733 15.832504 0.536205 0.169563 0.118747 -0.846789 0.489996
136.649293 15.130682 0.552408 0.168347 0.107387 -0.846896 0.492844
136.195915 14.462416 0.549828 0.185974 0.104218 -0.877366 0.429862
135.707859 13.796629 0.553340 0.175266 0.105624 -0.876389 0.435968
135.236098 13.133499 0.550588 0.172462 0.108077 -0.860260 0.467472
134.792049 12.463216 0.560289 0.178300 0.099477 -0.882075 0.424568
134.279537 11.837520 0.570212 0.182920 0.097163 -0.898742 0.386473
133.636433 11.327811 0.575812 0.197489 0.058351 -0.950484 0.232751
132.871054 11.017540 0.586838 0.194596 0.044048 -0.965157 0.169303
132.102939 10.704269 0.590039 0.202344 0.057692 -0.953671 0.215034
131.356953 10.312537 0.595442 0.199737 0.065827 -0.948461 0.237050
130.650030 9.848213 0.590543 0.190996 0.071072 -0.933902 0.293762
129.982290 9.399985 0.596304 0.208154 0.061276 -0.935114 0.280142
129.271605 9.023853 0.589084 0.201532 0.040261 -0.971580 0.117461
128.439573 8.952311 0.594332 0.211330 0.016068 -0.977266 -0.005723
127.603842 8.962577 0.594012 0.208899 0.013497 -0.977723 -0.015361
126.781295 8.954185 0.587817 0.209433 0.016550 -0.977495 -0.019190
125.978817 8.946191 0.581956 0.207119 0.015764 -0.978176 -0.004971
125.153409 8.946371 0.581213 0.210699 0.012660 -0.977447 -0.006609
124.350344 8.945464 0.565444 0.209286 0.013946 -0.977750 0.003052
123.530213 8.893902 0.579242 0.212055 0.017374 -0.977095 -0.003965
122.727543 8.870404 0.579398 0.213836 0.020235 -0.975901 0.038486
121.919824 8.797720 0.587037 0.212723 0.016702 -0.976343 0.034982
121.104646 8.734837 0.595645 0.211800 0.014316 -0.976611 0.034154
120.294627 8.663631 0.588927 0.208952 0.018467 -0.977471 0.023404
119.495829 8.595838 0.596131 0.208093 0.023573 -0.977438 0.027506
118.682797 8.523537 0.580739 0.227759 0.028656 -0.972781 0.031663
117.855769 8.444747 0.560054 0.232622 0.030216 -0.971917 0.018763
117.050930 8.412768 0.528612 0.232658 0.009663 -0.972373 0.016379
116.225665 8.366187 0.483223 0.235531 0.013434 -0.971277 0.031059
115.424030 8.301775 0.484310 0.214361 0.010115 -0.976257 0.029486
114.580329 8.235706 0.474561 0.211694 0.009346 -0.976763 0.032129
113.746820 8.159220 0.473421 0.212791 0.016185 -0.975365 0.055868
112.917795 8.046382 0.473982 0.212582 0.017369 -0.975253 0.058207
112.109020 7.944703 0.474730 0.214890 0.017338 -0.974838 0.056681
111.300392 7.833622 0.468276 0.213372 0.018673 -0.974548 0.066184
110.433004 7.740742 0.466523 0.212639 0.014281 -0.976141 0.041579
109.598470 7.643142 0.468656 0.212476 0.018387 -0.975837 0.047525
108.766332 7.547604 0.464496 0.215329 0.018606 -0.975202 0.047629
107.969094 7.413643 0.477708 0.194418 0.034127 -0.979565 0.038588
107.128705 7.326414 0.516011 0.189464 0.026991 -0.980650 0.041231
106.318334 7.188447 0.522105 0.206676 0.050230 -0.974984 0.064559
105.518758 7.074096 0.544987 0.201894 0.032248 -0.976179 0.072620
104.678897 6.938216 0.537526 0.201769 0.029716 -0.976109 0.074955
103.871419 6.780934 0.560612 0.199872 0.029377 -0.976023 0.081034
103.076077 6.637646 0.564240 0.208115 0.030547 -0.972332 0.101618
102.263089 6.446199 0.574484 0.206584 0.033430 -0.971741 0.109205
101.460760 6.287164 0.573650 0.210254 0.020140 -0.976038 0.052316
100.626484 6.226283 0.563833 0.214269 0.014025 -0.976322 0.026212
99.818868 6.181695 0.566793 0.212820 0.010376 -0.976740 0.024075
99.005208 6.134808 0.571114 0.208182 0.014058 -0.977891 0.013859
98.187078 6.091809 0.571307 0.213798 0.012299 -0.976645 0.017450
97.381862 6.050092 0.593566 0.199820 0.014872 -0.979580 0.016535
96.541724 6.032359 0.594997 0.203964 0.015652 -0.978794 0.010758
95.716350 6.055229 0.604998 0.210021 0.000358 -0.977664 -0.008037
94.869547 6.058255 0.594419 0.208987 0.007678 -0.977884 -0.002703
94.045841 6.065032 0.598620 0.209632 0.005312 -0.977721 -0.009371
93.216788 6.062560 0.584584 0.218477 0.005106 -0.975797 -0.007913
92.400723 6.057542 0.592521 0.209782 0.005327 -0.977693 -0.008954
91.545128 6.057478 0.581435 0.214685 0.007807 -0.976588 -0.011191
90.724376 6.067815 0.585013 0.210632 0.005205 -0.977471 -0.012533
89.876521 6.045150 0.591494 0.210413 0.008671 -0.977525 0.009794
89.064923 5.998063 0.587546 0.209499 0.013416 -0.977616 0.014024
88.244482 5.969686 0.588168 0.210196 0.013089 -0.977493 0.012425
87.410654 5.917679 0.585843 0.203933 0.012252 -0.978746 0.017814
86.610007 5.892553 0.586120 0.210969 0.008703 -0.977344 0.014688
85.766588 5.840246 0.590095 0.209724 0.010687 -0.977492 0.020248
84.918888 5.786221 0.598458 0.210806 0.009911 -0.977205 0.023066
84.079940 5.729785 0.593003 0.210376 0.013382 -0.977013 0.031752
83.279313 5.687784 0.588087 0.216679 0.014189 -0.975723 0.028515
82.477806 5.617546 0.586069 0.212048 0.015630 -0.976855 0.023361
81.649569 5.566061 0.580094 0.214657 0.014455 -0.976088 0.031062
80.799886 5.480151 0.571826 0.209435 0.014114 -0.977454 0.022853
79.992256 5.451199 0.591894 0.209533 0.012733 -0.977368 0.026188
79.173687 5.377458 0.601231 0.205957 0.014321 -0.978296 0.017724
78.367038 5.334044 0.597122 0.212275 0.011949 -0.977010 0.015747
77.558165 5.301752 0.572118 0.217848 0.012727 -0.975588 0.024647
76.717542 5.227241 0.572172 0.210797 0.010454 -0.977201 0.023117
75.880317 5.205489 0.583540 0.219022 0.010274 -0.975407 0.022487
75.022417 5.149898 0.589092 0.216984 0.008525 -0.975799 0.025707
74.160846 5.091752 0.565401 0.211382 0.010937 -0.976938 0.028123
73.341729 5.030014 0.549758 0.203552 0.015073 -0.978379 0.033372
72.525916 4.983254 0.565379 0.214719 0.017125 -0.976235 0.023840
71.676618 4.924832 0.578961 0.210210 0.012283 -0.977025 0.032903
70.864195 4.863559 0.583782 0.207631 0.011222 -0.977946 0.019618
70.016916 4.818282 0.581103 0.214756 0.012488 -0.976344 0.021804
69.204025 4.786042 0.585999 0.208463 0.010669 -0.977707 0.022757
68.394994 4.735137 0.579515 0.212719 0.012891 -0.976584 0.029465
67.568044 4.659758 0.580632 0.206592 0.017809 -0.977870 0.027806
66.762716 4.594225 0.577914 0.206487 0.019962 -0.978162 0.012804
65.962884 4.558402 0.577309 0.209495 0.002601 -0.977576 0.021206
65.117496 4.510482 0.588492 0.208851 0.008946 -0.977599 0.024521
64.295858 4.468641 0.589918 0.211325 0.010519 -0.977125 0.021392
63.455846 4.414015 0.583715 0.210547 0.016681 -0.977229 0.020366
62.626376 4.350300 0.583035 0.211075 0.009337 -0.977166 0.022526
61.817715 4.313744 0.599604 0.207165 0.015169 -0.977887 0.024300
60.986502 4.258193 0.594947 0.203644 0.010703 -0.978648 0.025748
60.153924 4.204712 0.558873 0.218338 0.011148 -0.975518 0.023833
59.355153 4.129579 0.582198 0.207206 0.001480 -0.977715 0.033711
58.542618 4.134979 0.592245 0.208560 0.013497 -0.977806 -0.014665
57.706870 4.165303 0.591176 0.211537 0.002359 -0.977268 -0.013938
56.879754 4.144855 0.583704 0.214330 0.007878 -0.976653 0.012204
56.069809 4.094971 0.568015 0.215215 0.014784 -0.976454 0.000783
55.258793 4.110210 0.575748 0.212854 0.008691 -0.976999 -0.009546
54.442847 4.082001 0.562939 0.218236 0.008603 -0.975858 0.000364
53.607838 4.052786 0.573002 0.216501 0.009352 -0.976109 0.015871
52.740855 4.014057 0.576267 0.211502 0.015049 -0.977102 0.017645
51.897228 3.996807 0.565522 0.213932 0.008519 -0.976713 0.013880
51.059312 3.961964 0.566982 0.214131 0.006815 -0.976738 0.009195
50.244915 3.902126 0.588354 0.209655 0.010206 -0.977601 0.015366
49.430155 3.875589 0.567214 0.219378 0.014229 -0.975319 0.020587
48.603291 3.822340 0.571018 0.212262 0.013987 -0.976904 0.020168
47.792644 3.766808 0.560196 0.209640 0.010401 -0.977565 0.017588
46.935448 3.716418 0.557106 0.217899 0.014268 -0.975539 0.025285
46.131286 3.656609 0.548160 0.215090 0.014837 -0.976136 0.025970
45.326895 3.617901 0.548496 0.215525 0.011210 -0.975978 0.029832
44.483520 3.552976 0.529916 0.208116 0.015848 -0.977654 0.025098
43.685727 3.473649 0.540685 0.210372 0.017158 -0.977217 0.022252
42.863492 3.432763 0.548904 0.213869 0.011779 -0.976545 0.021923
42.020475 3.393057 0.538094 0.219001 0.007529 -0.975286 0.028279
41.196577 3.341451 0.530820 0.209560 0.009818 -0.977308 0.029275
40.366925 3.281357 0.540341 0.209113 0.012565 -0.977324 0.030847
39.544986 3.189894 0.547018 0.220005 0.019475 -0.974945 0.026473
38.684449 3.124353 0.537860 0.210474 0.022270 -0.977077 0.022906
37.868333 3.083102 0.530020 0.220410 0.014318 -0.975256 0.009520
37.031858 3.065090 0.510958 0.216845 0.015558 -0.976012 0.011671
36.221362 3.052055 0.517628 0.213786 0.007673 -0.976850 0.000384
35.391258 3.029503 0.522057 0.208696 0.009551 -0.977914 0.006317
34.529379 3.003513 0.512899 0.216360 0.012427 -0.976234 0.000881
33.701409 2.977252 0.503024 0.221481 0.019680 -0.974927 0.008772
32.858997 2.927355 0.485555 0.215284 0.015739 -0.976305 0.015264
32.054537 2.885186 0.484623 0.218473 0.015643 -0.975387 0.025407
31.252258 2.822939 0.475639 0.218373 0.016496 -0.975228 0.031166
30.434369 2.752710 0.471555 0.218131 0.016192 -0.975550 0.021417
29.631958 2.699810 0.456432 0.217613 0.016688 -0.975716 0.018542
28.831734 2.663077 0.450884 0.210132 0.014954 -0.977427 0.016018
28.022021 2.630135 0.460420 0.217174 0.019673 -0.975879 0.010382
27.206040 2.559790 0.429404 0.216712 0.018238 -0.975306 0.038495
26.356469 2.464974 0.417073 0.213713 0.026586 -0.975302 0.049060
25.545559 2.385387 0.429995 0.217002 0.027239 -0.974937 0.040824
24.716732 2.298255 0.406888 0.220376 0.028997 -0.974242 0.038036
23.870418 2.211982 0.378469 0.220200 0.020802 -0.974853 0.027206
23.030260 2.147248 0.368826 0.222078 0.024760 -0.974528 0.019050
22.204342 2.103129 0.358220 0.215163 0.012090 -0.976172 0.025436
21.394401 2.038952 0.335549 0.214785 0.016272 -0.976017 0.031511
20.570925 1.976066 0.327258 0.219125 0.014067 -0.974913 0.036474
19.765787 1.875501 0.296882 0.213400 0.024371 -0.976001 0.035891
18.941794 1.818090 0.290738 0.219401 0.018986 -0.974967 0.030705
18.122524 1.738489 0.279166 0.219908 0.019596 -0.974508 0.039894
17.290335 1.654077 0.265928 0.216182 0.021283 -0.975614 0.031467
16.461275 1.580268 0.238912 0.217349 0.017299 -0.975428 0.031642
15.636581 1.515712 0.244055 0.216003 0.023753 -0.975833 0.023003
14.836308 1.461476 0.224622 0.213849 0.020129 -0.976528 0.016027
13.981750 1.422601 0.229383 0.218871 0.018217 -0.975420 0.017905
13.169277 1.361256 0.192968 0.212123 0.019357 -0.976844 0.020146
12.324364 1.303840 0.145814 0.239362 0.018398 -0.970636 0.015302
11.482297 1.240667 0.120884 0.230460 0.020387 -0.972604 0.022682
10.648662 1.189735 0.082682 0.241913 0.014602 -0.969379 0.039619
9.839849 1.106299 0.031504 0.241428 0.020969 -0.969415 0.038815
9.034756 1.054824 0.002974 0.224467 -0.022352 -0.966434 -0.122966
8.325040 1.498374 0.009915 0.197692 -0.083623 -0.894040 -0.393215
7.760494 2.139441 -0.000220 0.197687 -0.084933 -0.892892 -0.395538
7.270280 2.805357 0.000271 0.172841 -0.118232 -0.805038 -0.555032
7.281268 3.648180 0.004938 0.110133 -0.177323 -0.533751 -0.819474
7.381217 4.465856 0.019946 0.147861 -0.135210 -0.703105 -0.682275
7.424396 5.287726 0.024075 0.146402 -0.147901 -0.658473 -0.723260
7.469369 6.147875 0.043631 0.146924 -0.142524 -0.679123 -0.704906
7.486828 6.981917 0.050511 0.145029 -0.137755 -0.681719 -0.703740
7.510262 7.800545 0.080881 0.142054 -0.138163 -0.677819 -0.708020
7.539241 8.667417 0.099404 0.144301 -0.141849 -0.679611 -0.705113
7.501564 9.495358 0.114292 0.159331 -0.125962 -0.714375 -0.669638
7.373153 10.347785 0.143634 0.166093 -0.114370 -0.751031 -0.628717
7.182616 11.199690 0.186978 0.161714 -0.107747 -0.756998 -0.623854
6.991682 12.021142 0.208467 0.163751 -0.108088 -0.756921 -0.623357
6.795094 12.823693 0.234133 0.175104 -0.106497 -0.781477 -0.589314
6.549542 13.634937 0.239135 0.177685 -0.110506 -0.777213 -0.593427
6.325786 14.468421 0.240574 0.180357 -0.125509 -0.774398 -0.593318
6.084065 15.234693 0.217655 0.185147 -0.119067 -0.780253 -0.585448
5.838059 16.009579 0.225787 0.183655 -0.112209 -0.776011 -0.592864
5.625509 16.795752 0.221838 0.179065 -0.116911 -0.763664 -0.609167
5.428611 17.588289 0.207647 0.182793 -0.115142 -0.766392 -0.604956
5.224365 18.396326 0.209473 0.180152 -0.117301 -0.761871 -0.611014
5.042231 19.240685 0.211045 0.168809 -0.120943 -0.736494 -0.643780
4.948971 20.085845 0.223712 0.161851 -0.129802 -0.728976 -0.652341
4.866589 20.952277 0.235502 0.157618 -0.132061 -0.728978 -0.652922
4.753652 21.796208 0.251459 0.159844 -0.132733 -0.731434 -0.649490
4.634819 22.631993 0.268234 0.161902 -0.130800 -0.740607 -0.638891
4.503226 23.484862 0.278946 0.160129 -0.130184 -0.739310 -0.640962
4.386371 24.321427 0.290598 0.159211 -0.132127 -0.733566 -0.647360
4.287840 25.157395 0.292614 0.154688 -0.133243 -0.725373 -0.657383
4.188152 25.982123 0.313045 0.157357 -0.134718 -0.726709 -0.654969
4.105811 26.840987 0.324142 0.154475 -0.137929 -0.714547 -0.668234
4.061156 27.684508 0.322182 0.155473 -0.142826 -0.703651 -0.678457
4.034346 28.553572 0.334562 0.152276 -0.143311 -0.703976 -0.678743
3.977513 29.400499 0.331270 0.158262 -0.139383 -0.718589 -0.662688
3.904628 30.250554 0.329461 0.155362 -0.144295 -0.716773 -0.664287
3.808452 31.082313 0.325786 0.158008 -0.139059 -0.718289 -0.663142
3.726471 31.929371 0.338003 0.154210 -0.135542 -0.716964 -0.666191
3.646275 32.730036 0.350207 0.155465 -0.136077 -0.721314 -0.661075
3.560195 33.581832 0.354310 0.155965 -0.135269 -0.726460 -0.655464
3.455473 34.384873 0.357900 0.158581 -0.134280 -0.724563 -0.657137
3.409913 35.263554 0.366806 0.150879 -0.142612 -0.700637 -0.682645
3.361073 36.114721 0.372833 0.149570 -0.137605 -0.711687 -0.672455
3.313050 36.972330 0.391473 0.149690 -0.140210 -0.706164 -0.677692
3.248594 37.804303 0.387626 0.156262 -0.142344 -0.715585 -0.665777
3.188078 38.610882 0.394337 0.156499 -0.143688 -0.712854 -0.668357
3.108137 39.418812 0.396518 0.156877 -0.137808 -0.725560 -0.655714
3.016797 40.269427 0.400310 0.155703 -0.139284 -0.716422 -0.665654
2.952112 41.077633 0.406904 0.157105 -0.139668 -0.722975 -0.658117
2.874427 41.946920 0.411912 0.156110 -0.139934 -0.716660 -0.665166
2.784588 42.772586 0.423404 0.153452 -0.133697 -0.722255 -0.661003
2.715177 43.631760 0.425965 0.150239 -0.136654 -0.720973 -0.662535
2.643199 44.465330 0.439984 0.149937 -0.140555 -0.709123 -0.674469
2.618734 45.277902 0.445346 0.149215 -0.144501 -0.704868 -0.678245
2.583292 46.155008 0.433573 0.152942 -0.143431 -0.706581 -0.675855
2.538476 46.957713 0.448910 0.154202 -0.142834 -0.707348 -0.674892
2.495033 47.826936 0.451125 0.149238 -0.143828 -0.699665 -0.683747
2.460073 48.646591 0.455039 0.152803 -0.141538 -0.713084 -0.669425
2.402028 49.517661 0.459706 0.154886 -0.142269 -0.714683 -0.667082
2.348622 50.410874 0.455364 0.154347 -0.145098 -0.709506 -0.672105
2.290449 51.304677 0.466275 0.155368 -0.143816 -0.717327 -0.663792
2.220616 52.109300 0.461828 0.155437 -0.141498 -0.719436 -0.661989
2.133854 52.996770 0.462083 0.157283 -0.142712 -0.716446 -0.664530
2.071249 53.879231 0.464066 0.153318 -0.143565 -0.703231 -0.679227
2.065240 54.685352 0.463788 0.147763 -0.143659 -0.691701 -0.692155
2.047804 55.487845 0.474656 0.147048 -0.143815 -0.691108 -0.692866
2.039442 56.350696 0.482388 0.144390 -0.145940 -0.684721 -0.699293
2.091347 57.195256 0.488988 0.142412 -0.152021 -0.667002 -0.715344
2.140451 58.011370 0.506907 0.139693 -0.143579 -0.678316 -0.706936
2.155896 58.842340 0.517966 0.142882 -0.142876 -0.672406 -0.712068
2.199355 59.691216 0.523914 0.148315 -0.147240 -0.667821 -0.714379
2.247708 60.560325 0.529867 0.146653 -0.145930 -0.673995 -0.709174
2.273102 61.387955 0.544084 0.143813 -0.144496 -0.681553 -0.702798
2.296123 62.199083 0.549129 0.144870 -0.146472 -0.680813 -0.702888
2.304827 63.058415 0.545903 0.147359 -0.145053 -0.680649 -0.702825
2.304925 63.888179 0.562508 0.150858 -0.143607 -0.690530 -0.692666
2.316880 64.709834 0.563584 0.152886 -0.146348 -0.683757 -0.698344
2.313966 65.587004 0.571143 0.152506 -0.141566 -0.695856 -0.687375
2.286674 66.418408 0.574229 0.151754 -0.142079 -0.692681 -0.690635
2.267249 67.297559 0.591053 0.145626 -0.143121 -0.679404 -0.704783
2.283606 68.126336 0.593748 0.149453 -0.143428 -0.692756 -0.690783
2.237341 68.967730 0.599336 0.159629 -0.139513 -0.709897 -0.671641
2.185174 69.807839 0.604837 0.155195 -0.138340 -0.709090 -0.673771
2.145804 70.643189 0.614662 0.151234 -0.137543 -0.701120 -0.683111
2.118421 71.492516 0.625088 0.155146 -0.142437 -0.700144 -0.682232
2.076789 72.317716 0.621812 0.158396 -0.140169 -0.709986 -0.671702
2.027447 73.206781 0.625318 0.155138 -0.143987 -0.708423 -0.673302
1.969672 74.060250 0.631958 0.157275 -0.139465 -0.715625 -0.666105
1.908557 74.901565 0.627137 0.158618 -0.140661 -0.711053 -0.670417
1.845334 75.786680 0.625160 0.158206 -0.141908 -0.704616 -0.677015
1.776110 76.593178 0.631791 0.157145 -0.132056 -0.720613 -0.662257
1.694306 77.422372 0.634434 0.157537 -0.132550 -0.716369 -0.666654
1.623883 78.244502 0.644183 0.155818 -0.131920 -0.713974 -0.669745
1.547844 79.069601 0.645043 0.161345 -0.136568 -0.717326 -0.663898
1.477180 79.953152 0.662218 0.158986 -0.130347 -0.723873 -0.658591
1.381373 80.766333 0.660398 0.162036 -0.131186 -0.722211 -0.659504
1.293959 81.621545 0.673523 0.162492 -0.131549 -0.717416 -0.664534
1.232301 82.489705 0.687116 0.157635 -0.135535 -0.707174 -0.675785
1.167021 83.348164 0.695695 0.160938 -0.134437 -0.711663 -0.670493
1.092488 84.191155 0.688307 0.160223 -0.132037 -0.714621 -0.667991
1.018102 85.015763 0.707237 0.158005 -0.131165 -0.712947 -0.670475
0.956173 85.872257 0.725994 0.158270 -0.133970 -0.704641 -0.678589
0.919528 86.676351 0.722666 0.154908 -0.134446 -0.693925 -0.690214
0.896183 87.485733 0.732170 0.159087 -0.136710 -0.691886 -0.690866
0.885863 88.323101 0.738837 0.156857 -0.135094 -0.697866 -0.685659
0.854159 89.120965 0.748191 0.158554 -0.136104 -0.708053 -0.674535
1.247459 89.867515 0.760139 0.096093 -0.179495 -0.425029 -0.881985
1.752633 90.505306 0.780682 0.096903 -0.185528 -0.433477 -0.876520
1.656155 91.337276 0.787442 0.182809 -0.097641 -0.833875 -0.511566
1.239504 92.054956 0.790000 0.188912 -0.092802 -0.829873 -0.516732
0.969841 92.810777 0.794828 0.171925 -0.115045 -0.759321 -0.616959
0.822460 93.634375 0.798311 0.166585 -0.121852 -0.738711 -0.641645
0.701277 94.498197 0.808221 0.164460 -0.123287 -0.737014 -0.643866
0.558206 95.349944 0.816876 0.162256 -0.126365 -0.739766 -0.640665
0.426066 96.222255 0.827758 0.162969 -0.124284 -0.740114 -0.640489
0.289292 97.081488 0.840690 0.162158 -0.128889 -0.727799 -0.653759
0.180813 97.895343 0.844350 0.164832 -0.126018 -0.733286 -0.647489
0.071442 98.694350 0.857189 0.160783 -0.125947 -0.724788 -0.658003
-0.003673 99.542265 0.869211 0.157985 -0.130089 -0.705714 -0.678296
-0.040008 100.344387 0.893209 0.148540 -0.122335 -0.711675 -0.675639
-0.086364 101.192051 0.991109 0.122021 -0.101086 -0.709861 -0.686287
-0.135799 102.010217 1.068203 0.120683 -0.099793 -0.709832 -0.686743
-0.183193 102.840900 1.165277 0.123485 -0.099037 -0.708730 -0.687491
-0.216086 103.664585 1.258780 0.122490 -0.098766 -0.707653 -0.688817
-0.260186 104.501782 1.326046 0.142043 -0.115287 -0.706895 -0.683251
-0.315517 105.369739 1.340401 0.157217 -0.130970 -0.703298 -0.680810
-0.355896 106.226851 1.353310 0.157607 -0.134048 -0.701336 -0.682143
-0.399811 107.095064 1.363011 0.156251 -0.132033 -0.702421 -0.681731
-0.442398 107.897323 1.379930 0.156489 -0.128437 -0.704398 -0.680323
-0.484252 108.771200 1.386738 0.161764 -0.133125 -0.702508 -0.680142
-0.533807 109.618255 1.388847 0.160332 -0.133466 -0.701269 -0.681691
-0.571812 110.425480 1.388556 0.166494 -0.135161 -0.710284 -0.670453
-0.617885 111.254272 1.354069 0.186114 -0.157319 -0.703228 -0.667894
-0.670811 112.054869 1.280507 0.196145 -0.166638 -0.698697 -0.667519
-0.710157 112.910377 1.196707 0.197264 -0.168326 -0.695566 -0.670031
-0.763421 113.755796 1.116004 0.198464 -0.167467 -0.698930 -0.666381
-0.829619 114.555862 1.046176 0.193028 -0.161478 -0.703565 -0.664576
-0.881264 115.392531 1.059502 0.158150 -0.134556 -0.697984 -0.685348
-0.930674 116.227492 1.066492 0.159427 -0.131821 -0.714075 -0.668807
-0.953717 117.060189 1.068669 0.156352 -0.139819 -0.675442 -0.706953
-0.958978 117.886363 1.055222 0.159143 -0.137338 -0.695598 -0.686990
-0.976903 118.737414 1.082743 0.155829 -0.134136 -0.694290 -0.689701
-0.999797 119.549851 1.080767 0.159762 -0.137938 -0.694981 -0.687350
-1.048655 120.398401 1.084378 0.160466 -0.139110 -0.701519 -0.680272
-1.087054 121.199495 1.090170 0.157793 -0.132115 -0.707013 -0.676594
-1.215692 122.029054 1.099945 0.177964 -0.109693 -0.802382 -0.558998
-1.655237 122.705117 1.109035 0.202085 -0.071180 -0.897532 -0.385398
-1.650799 123.550743 1.094651 0.204665 0.067022 -0.932151 0.291057
-0.999234 124.019288 1.106938 0.204836 0.067461 -0.932945 0.288278
-0.587384 123.326867 1.107551 0.135308 0.162875 -0.630835 0.746465
-0.433974 122.515721 1.104463 0.137393 0.162833 -0.629699 0.747052
-0.272709 121.714254 1.105875 0.138133 0.163378 -0.626122 0.749799
-0.230901 120.909773 1.102214 0.156776 0.151640 -0.701085 0.678901
-0.315058 120.038907 1.081918 0.158439 0.139728 -0.730766 0.649118
-0.408113 119.157198 1.087673 0.156397 0.142719 -0.732885 0.646568
-0.498222 118.335886 1.073935 0.160412 0.149339 -0.735488 0.641111
-0.600405 117.496787 1.069839 0.160040 0.141565 -0.735500 0.642951
-0.710154 116.662847 1.069601 0.162793 0.140583 -0.736304 0.641553
-0.807756 115.822216 1.063688 0.160544 0.140626 -0.733813 0.644956
-0.908196 114.998420 1.067065 0.160699 0.141118 -0.732867 0.645885
-1.027892 114.173010 1.060983 0.153501 0.123911 -0.735515 0.648151
-1.122361 113.310087 1.158387 0.128504 0.102656 -0.738072 0.654368
-1.238088 112.484845 1.233888 0.135239 0.098879 -0.759689 0.628335
-1.403634 111.676458 1.295894 0.136200 0.094281 -0.764897 0.622490
-1.562691 110.853811 1.377989 0.137914 0.102167 -0.762552 0.623744
-1.717291 109.962911 1.377504 0.167528 0.132436 -0.769425 0.601981
-1.968137 109.149334 1.378850 0.175597 0.126374 -0.796938 0.563990
-2.232208 108.349291 1.365826 0.175131 0.127396 -0.790919 0.572316
-2.466030 107.536120 1.357766 0.168534 0.134129 -0.767871 0.603307
-2.572750 106.698897 1.338762 0.157331 0.155059 -0.700213 0.678900
-2.273280 105.933193 1.337571 0.118673 0.178610 -0.538043 0.815184
-1.993372 105.147943 1.323565 0.139562 0.164545 -0.623897 0.751132
-1.971977 104.330511 1.306033 0.166675 0.151172 -0.728108 0.647476
-2.031020 103.469514 1.235140 0.188021 0.180430 -0.714940 0.648810
-2.064853 102.654703 1.145116 0.183318 0.190894 -0.669247 0.694307
-2.004132 101.856202 1.062313 0.180416 0.192693 -0.655058 0.707968
-1.876348 101.032702 0.976025 0.171564 0.200183 -0.606157 0.750377
-1.676517 100.228174 0.896960 0.168586 0.198581 -0.596666 0.759035
-1.464392 99.441916 0.872327 0.136350 0.165839 -0.601769 0.769273
-1.250422 98.583018 0.857230 0.134173 0.168054 -0.598958 0.771366
-1.021490 97.726010 0.847743 0.136139 0.168465 -0.600670 0.769598
-0.803271 96.921804 0.847461 0.133315 0.168176 -0.600106 0.770595
-0.590973 96.125550 0.831983 0.132757 0.170421 -0.596004 0.773377
-0.365660 95.351876 0.824333 0.133558 0.173186 -0.592524 0.775296
-0.156781 94.542199 0.819657 0.133559 0.171139 -0.595279 0.773638
0.120650 93.785842 0.810366 0.121947 0.178108 -0.550264 0.806608
0.590391 93.104102 0.799274 0.088354 0.196884 -0.397065 0.892059
1.156723 92.470751 0.799113 0.091427 0.187314 -0.398804 0.893034
1.633278 91.808532 0.806331 0.114770 0.184018 -0.531989 0.818507
1.745313 90.987072 0.797178 0.152548 0.155099 -0.708463 0.671382
1.655854 90.143980 0.783295 0.170710 0.136775 -0.777715 0.589330
1.384025 89.313046 0.766515 0.179405 0.125465 -0.809774 0.544369
0.981686 88.606216 0.762977 0.190270 0.104839 -0.868887 0.444795
0.453859 87.926205 0.740282 0.196782 0.100196 -0.883763 0.412553
-0.069534 87.277162 0.739447 0.196297 0.099901 -0.881531 0.417601
-0.466532 86.551820 0.713854 0.172127 0.133314 -0.782989 0.582690
-0.527312 85.746246 0.717235 0.141675 0.162208 -0.649384 0.729326
-0.352716 84.922127 0.696398 0.140374 0.167707 -0.622398 0.751525
-0.179309 84.135701 0.692138 0.136468 0.167907 -0.614697 0.758506
-0.004370 83.343700 0.685060 0.136840 0.167273 -0.614052 0.759102
0.185208 82.517132 0.671405 0.136009 0.166364 -0.617842 0.756371
0.358959 81.733881 0.672173 0.134717 0.171043 -0.611927 0.760355
0.573384 80.924914 0.659979 0.123133 0.175125 -0.568483 0.794353
0.904675 80.153922 0.666355 0.119031 0.178713 -0.549632 0.807340
1.230301 79.355389 0.653257 0.118779 0.179469 -0.545578 0.809955
1.553703 78.589164 0.644084 0.115165 0.178920 -0.531276 0.820043
1.881609 77.800346 0.638535 0.119756 0.179161 -0.540753 0.813109
1.820492 76.971541 0.623540 0.173882 0.132196 -0.791395 0.570950
1.566672 76.177497 0.621821 0.169190 0.134416 -0.797974 0.562622
1.305366 75.419494 0.614630 0.172002 0.130673 -0.798202 0.562329
1.040530 74.588216 0.609862 0.167710 0.130977 -0.795914 0.566780
0.791731 73.827365 0.605484 0.164454 0.127434 -0.798257 0.565245
0.598014 73.045860 0.619232 0.157934 0.136600 -0.762225 0.612708
0.423430 72.200141 0.611116 0.160194 0.138856 -0.765322 0.607733
0.245225 71.359507 0.605520 0.158182 0.143045 -0.754636 0.620517
0.195029 70.525928 0.595675 0.147733 0.161734 -0.682676 0.697116
0.325854 69.682625 0.582881 0.126769 0.175215 -0.608714 0.763346
0.571049 68.876217 0.573320 0.118922 0.178494 -0.573180 0.790862
0.840442 68.109898 0.573601 0.117165 0.176203 -0.570737 0.793401
1.124187 67.316960 0.557245 0.119963 0.180565 -0.559277 0.800134
1.410455 66.507341 0.559428 0.124987 0.177558 -0.572274 0.790793
1.686090 65.731046 0.545652 0.118847 0.175051 -0.579486 0.787038
1.918379 64.946550 0.551964 0.126548 0.171665 -0.611045 0.762326
2.074633 64.140690 0.547316 0.130210 0.166328 -0.630026 0.747293
2.237953 63.266387 0.545529 0.134080 0.170651 -0.628113 0.747245
2.413831 62.446570 0.538695 0.128981 0.173481 -0.614778 0.758496
2.593802 61.620462 0.526386 0.131288 0.172298 -0.625039 0.749935
2.757397 60.825518 0.523586 0.130616 0.174356 -0.623566 0.750803
3.031214 60.069768 0.506764 0.091929 0.199690 -0.444527 0.868371
3.743742 59.671886 0.501460 0.015114 0.215474 -0.079094 0.973184
4.555110 59.777137 0.482517 -0.038150 0.211907 0.161789 0.963049
5.318873 60.025708 0.479894 -0.032267 0.203398 0.142700 0.968104
6.146702 60.290293 0.503409 -0.029821 0.201633 0.139262 0.969052
6.974448 60.534423 0.512759 -0.028914 0.201443 0.138141 0.969279
7.791295 60.788920 0.517204 -0.033075 0.207288 0.143423 0.967144
8.606299 61.058534 0.528806 -0.034629 0.202818 0.151385 0.966824
9.407777 61.322275 0.547900 -0.032099 0.202203 0.148168 0.967538
10.171097 61.585620 0.552663 -0.033794 0.201201 0.152174 0.967067
10.964477 61.855311 0.557343 -0.034331 0.201832 0.144731 0.968059
11.790030 62.108481 0.572704 -0.032615 0.201398 0.144101 0.968303
12.625015 62.375153 0.586119 -0.033895 0.205514 0.146598 0.967018
13.410700 62.638060 0.600099 -0.031990 0.202998 0.144448 0.967938
14.216195 62.883707 0.623769 -0.027163 0.201628 0.126556 0.970872
15.012947 63.041429 0.632967 -0.010101 0.205354 0.053545 0.977170
15.879397 63.076048 0.638217 0.006637 0.209018 -0.024928 0.977572
16.742247 63.047156 0.648316 0.005738 0.211015 -0.021992 0.977219
17.580805 63.027834 0.661614 0.001878 0.208235 -0.005106 0.978064
18.407488 63.027682 0.667517 0.004174 0.207809 -0.012485 0.978081
19.233001 63.035554 0.684644 0.001993 0.205831 0.001991 0.978583
20.101719 63.059081 0.690518 0.000108 0.204126 0.006023 0.978926
20.968038 63.072445 0.699139 -0.001748 0.206588 0.015693 0.978301
21.816415 63.132852 0.713274 -0.003122 0.206492 0.018847 0.978262
22.631607 63.166262 0.715617 -0.002807 0.207481 0.023714 0.977948
23.458077 63.226797 0.722950 -0.003684 0.206521 0.031891 0.977915
24.318762 63.291681 0.729233 -0.001513 0.206939 0.023344 0.978074
25.158412 63.352111 0.744289 -0.006761 0.208322 0.033012 0.977480
26.004150 63.427073 0.752226 -0.007063 0.206569 0.039646 0.977603
26.836052 63.523541 0.763767 -0.016107 0.207125 0.083605 0.974603
27.664719 63.700716 0.763307 -0.020065 0.212124 0.089715 0.972909
28.475864 63.911469 0.781893 -0.032466 0.203075 0.155821 0.966140
29.255902 64.180100 0.780625 -0.027901 0.198058 0.145348 0.968952
30.068472 64.438296 0.819993 -0.030096 0.203747 0.149485 0.967076
30.858854 64.703834 0.823031 -0.033228 0.200817 0.156687 0.966446
31.655444 64.984155 0.837916 -0.032260 0.200612 0.157887 0.966326
32.445145 65.255116 0.861938 -0.032632 0.199501 0.157534 0.966601
33.244824 65.529842 0.870539 -0.035245 0.203253 0.162309 0.964936
34.031421 65.816050 0.886239 -0.032485 0.205197 0.165019 0.964162
34.848095 66.113146 0.896944 -0.030675 0.204555 0.158900 0.965384
35.604216 66.403618 0.901429 -0.036969 0.204453 0.173422 0.962682
36.385881 66.587833 0.908894 -0.008882 0.205540 0.041657 0.977721
37.207112 66.649804 0.913875 -0.004499 0.207125 0.035480 0.977661
38.048430 66.719510 0.929847 -0.007362 0.210549 0.036527 0.976873
38.884925 66.793987 0.925752 -0.004754 0.208896 0.032351 0.977391
39.730119 66.803022 0.932533 0.010324 0.206511 -0.045191 0.977346
40.570153 66.703648 0.937006 0.019614 0.207405 -0.094457 0.973487
41.384088 66.498182 0.939896 0.035150 0.205920 -0.161235 0.964554
42.169932 66.166330 0.946507 0.050309 0.204043 -0.232385 0.949649
42.887027 65.709231 0.931407 0.073107 0.201003 -0.331546 0.918875
43.519026 65.133649 0.940744 0.076890 0.198241 -0.352194 0.911454
44.135661 64.612700 0.927404 0.075801 0.199437 -0.333041 0.918457
44.774407 64.079372 0.933377 0.075852 0.195553 -0.336157 0.918153
45.462899 63.537962 0.932729 0.073027 0.198456 -0.342481 0.915417
46.062971 62.960687 0.928151 0.081746 0.196577 -0.380036 0.900138
46.614076 62.333717 0.934109 0.094446 0.189235 -0.429369 0.878016
47.143817 61.705235 0.923682 0.093685 0.194706 -0.419841 0.881502
47.698669 61.053632 0.926700 0.090245 0.195164 -0.411594 0.885640
48.261759 60.400278 0.917953 0.088908 0.195145 -0.408563 0.887181
48.797588 59.793363 0.909147 0.088645 0.195947 -0.408829 0.886908
49.362740 59.141308 0.910307 0.089570 0.191786 -0.400541 0.891494
49.939515 58.501946 0.907355 0.086991 0.196550 -0.396671 0.892442
50.710073 58.258475 0.905190 0.016837 0.205885 -0.069701 0.975946
51.548480 58.147564 0.913855 0.014594 0.208172 -0.064371 0.975863
52.368965 58.045005 0.927257 0.012861 0.207917 -0.065150 0.975890
53.236422 57.943983 0.930429 0.012628 0.211492 -0.057963 0.975578
54.042211 57.859966 0.937126 0.015978 0.204757 -0.100287 0.973531
54.833596 57.591137 0.937565 0.042634 0.202741 -0.250253 0.945755
55.460134 57.029779 0.938177 0.087485 0.194208 -0.431500 0.876606
55.843437 56.275731 0.944290 0.126055 0.169279 -0.596215 0.774585
55.928925 55.453187 0.938477 0.145226 0.153040 -0.688609 0.693762
56.096029 54.666954 0.945317 0.129182 0.165333 -0.620365 0.755728
56.226964 53.846473 0.939179 0.138251 0.159384 -0.660857 0.720243
56.307783 53.037659 0.950734 0.138387 0.158526 -0.657132 0.723807
56.410344 52.187984 0.950273 0.138392 0.159098 -0.661762 0.719449
56.473444 51.389273 0.954029 0.140056 0.156231 -0.673155 0.709111
56.526666 50.570329 0.954296 0.143050 0.156489 -0.675286 0.706425
56.570854 49.764124 0.956415 0.141176 0.154329 -0.675900 0.706690
56.609627 48.889790 0.956794 0.145790 0.155120 -0.688392 0.693397
56.613899 48.050761 0.957432 0.148120 0.152953 -0.702707 0.678873
56.572812 47.212903 0.962460 0.152739 0.147660 -0.718239 0.662571
56.519908 46.409029 0.961741 0.154317 0.143674 -0.736790 0.642405
56.397810 45.612338 0.960326 0.157392 0.141826 -0.759250 0.615347
56.221468 44.820563 0.970493 0.166548 0.133293 -0.782245 0.585310
55.960405 44.021384 0.966127 0.172951 0.126702 -0.814774 0.538682
55.609710 43.225621 0.962337 0.177569 0.125686 -0.824459 0.522436
55.289289 42.482985 0.952326 0.174054 0.126410 -0.810892 0.544224
54.957077 41.684631 0.950236 0.179705 0.123426 -0.818422 0.531655
54.660452 40.935309 0.943915 0.178912 0.123283 -0.816121 0.535480
54.337966 40.174713 0.932482 0.179846 0.124857 -0.812948 0.539613
54.036926 39.424523 0.925490 0.179211 0.124368 -0.812353 0.540831
53.726973 38.664788 0.915940 0.180632 0.124113 -0.807727 0.547307
53.423850 37.882044 0.918185 0.178645 0.122095 -0.810212 0.544734
53.125652 37.134644 0.906966 0.180868 0.120825 -0.806365 0.549967
52.906433 36.326401 0.905119 0.161624 0.138252 -0.753892 0.621620
52.895405 35.504060 0.908067 0.138784 0.160859 -0.643045 0.735769
53.019820 34.675608 0.902604 0.137950 0.162067 -0.648405 0.730941
53.127432 33.874055 0.897697 0.139108 0.164198 -0.647094 0.731408
53.101924 33.073343 0.895939 0.173431 0.129852 -0.790649 0.572656
52.842229 32.267571 0.883429 0.176573 0.128044 -0.797090 0.563094
52.566093 31.474917 0.876906 0.172695 0.130953 -0.792486 0.570083
51.799121 31.122941 0.856692 0.215358 -0.001648 -0.973664 -0.074816
51.024893 31.369484 0.853237 0.207765 -0.033937 -0.951305 -0.225170
50.286631 31.721134 0.852217 0.209186 -0.031669 -0.948863 -0.234303
49.562208 32.109833 0.849617 0.209187 -0.038501 -0.948764 -0.233677
48.833730 32.462683 0.854187 0.212320 -0.041728 -0.948109 -0.232957
48.067324 32.845446 0.844831 0.210269 -0.042293 -0.947038 -0.238993
47.341585 33.204643 0.824339 0.212627 -0.041738 -0.947175 -0.236448
46.575992 33.604118 0.822949 0.209914 -0.039725 -0.948794 -0.232699
45.812325 33.947282 0.815734 0.213562 -0.030963 -0.956969 -0.194016
45.045209 34.240742 0.821023 0.212908 -0.027358 -0.959785 -0.180924
44.235879 34.489522 0.806830 0.218502 -0.010154 -0.971804 -0.088035
43.374803 34.494368 0.790135 0.216375 0.026914 -0.973115 0.074189
42.597059 34.197199 0.782835 0.205410 0.075024 -0.925163 0.310245
42.014032 33.568107 0.768904 0.198885 0.087890 -0.903249 0.369948
41.409771 32.957498 0.754264 0.198049 0.087232 -0.899474 0.379623
40.834264 32.356119 0.740947 0.197655 0.085916 -0.903079 0.371483
40.185127 31.847900 0.734811 0.212749 0.039902 -0.964378 0.152056
39.363893 31.815346 0.730178 0.215659 -0.005851 -0.973526 -0.075526
38.518342 31.873433 0.716073 0.216160 0.000329 -0.975219 -0.047149
37.681123 31.937115 0.694536 0.216035 -0.001537 -0.974675 -0.057757
36.830576 32.043352 0.690901 0.216758 -0.012636 -0.971617 -0.093895
36.017917 32.206872 0.680912 0.216134 -0.010943 -0.971606 -0.095641
35.229936 32.354201 0.669406 0.216306 -0.010638 -0.972294 -0.087993
34.418384 32.480659 0.665173 0.213675 -0.008833 -0.973184 -0.084720
33.743422 32.035933 0.642135 0.156641 0.147538 -0.723818 0.655579
33.681573 31.196305 0.638406 0.158032 0.145622 -0.721433 0.658296
33.622798 30.350832 0.630071 0.160520 0.147300 -0.719112 0.659859
33.580767 29.543910 0.623893 0.154270 0.148203 -0.721079 0.659001
33.552140 28.734682 0.627921 0.144869 0.148486 -0.700069 0.683278
33.556539 27.893563 0.632174 0.144062 0.148839 -0.699047 0.684417
33.556186 27.087102 0.632747 0.148948 0.150265 -0.699663 0.682427
33.565613 26.267710 0.632388 0.145949 0.148954 -0.698924 0.684118
33.547247 25.425934 0.648678 0.142142 0.148890 -0.701277 0.682523
33.535197 24.565908 0.648141 0.147099 0.149965 -0.701171 0.681345
33.518532 23.747654 0.650779 0.150282 0.140059 -0.730227 0.651588
33.387602 22.925906 0.662516 0.168159 0.124969 -0.798589 0.564234
32.740053 22.422309 0.658662 0.214224 0.018119 -0.974472 0.064683
31.985568 22.759373 0.658713 0.197881 -0.081869 -0.891211 -0.399855
31.380062 23.378073 0.652044 0.198644 -0.084908 -0.887831 -0.406310
30.916068 24.089779 0.631011 0.185826 -0.114911 -0.806910 -0.548781
30.736359 24.925864 0.622616 0.165239 -0.137424 -0.712655 -0.667783
30.795823 25.778008 0.625158 0.148690 -0.149620 -0.648722 -0.731208
30.884612 26.581384 0.625304 0.151127 -0.152109 -0.641736 -0.736341
30.966614 27.413514 0.622011 0.153664 -0.149197 -0.655378 -0.724298
31.041075 28.253799 0.610275 0.150952 -0.153308 -0.646211 -0.732203
31.101003 29.139283 0.612259 0.159331 -0.145237 -0.683257 -0.697624
31.116893 29.959018 0.607770 0.156915 -0.142679 -0.684698 -0.697287
31.143135 30.784610 0.608359 0.151612 -0.142506 -0.670090 -0.712520
31.175264 31.595017 0.621023 0.153021 -0.143473 -0.669998 -0.712112
31.212878 32.402559 0.621304 0.155442 -0.139307 -0.671028 -0.711444
31.213064 33.271078 0.631186 0.162138 -0.134176 -0.711730 -0.670185
30.974808 34.047464 0.623622 0.185699 -0.100997 -0.827831 -0.519627
30.546973 34.735548 0.615058 0.192494 -0.089993 -0.860524 -0.462974
30.072466 35.446812 0.617301 0.191510 -0.094061 -0.854358 -0.473867
29.746090 36.183125 0.618592 0.176653 -0.119538 -0.772684 -0.597883
29.684187 37.043485 0.617837 0.146285 -0.148316 -0.638504 -0.740889
29.857815 37.882120 0.631426 0.138638 -0.154913 -0.602002 -0.770958
30.065978 38.730937 0.631711 0.139099 -0.157438 -0.600671 -0.771401
30.245759 39.586317 0.632573 0.139489 -0.156897 -0.606112 -0.767173
30.424779 40.403479 0.621088 0.140669 -0.158021 -0.602677 -0.769430
30.603598 41.236218 0.613505 0.142311 -0.156423 -0.608016 -0.765243
30.791158 42.078527 0.610074 0.139772 -0.156595 -0.602364 -0.770130
30.949739 42.907672 0.606513 0.142669 -0.150200 -0.631109 -0.747520
31.068255 43.700349 0.605070 0.146390 -0.151769 -0.632603 -0.745218
31.174632 44.516686 0.601890 0.145713 -0.150077 -0.635019 -0.743636
31.295592 45.357438 0.596631 0.143330 -0.151216 -0.629493 -0.748551
31.401680 46.191300 0.596866 0.147972 -0.150489 -0.634500 -0.743550
31.549036 47.012349 0.599129 0.136735 -0.156406 -0.598774 -0.773505
31.779704 47.808793 0.606680 0.131469 -0.160380 -0.569980 -0.795058
32.027840 48.590102 0.610721 0.130227 -0.161073 -0.566543 -0.797575
32.287552 49.406053 0.621242 0.128282 -0.159817 -0.568362 -0.796848
32.541367 50.181715 0.638361 0.128838 -0.159747 -0.567067 -0.797695
32.818284 51.008218 0.649678 0.128277 -0.158219 -0.575715 -0.791874
33.047482 51.788112 0.670769 0.131349 -0.160023 -0.580761 -0.787310
33.295069 52.576599 0.658459 0.125166 -0.161494 -0.540420 -0.816210
33.600320 53.369430 0.677630 0.125161 -0.160851 -0.558131 -0.804333
33.882913 54.180968 0.685677 0.127983 -0.165380 -0.552986 -0.806521
34.171566 54.975924 0.693412 0.123481 -0.164702 -0.555021 -0.805964
34.484245 55.792000 0.710443 0.117240 -0.169223 -0.534791 -0.819522
34.832799 56.513954 0.736929 0.112335 -0.168836 -0.514666 -0.833063
35.191247 57.298812 0.743199 0.114686 -0.169020 -0.518630 -0.830242
35.545110 58.039460 0.759978 0.113879 -0.166948 -0.523190 -0.827908
35.877007 58.779145 0.780910 0.113339 -0.167231 -0.516202 -0.832300
36.244227 59.531255 0.793291 0.114602 -0.169923 -0.515593 -0.831959
36.603892 60.289724 0.814785 0.112866 -0.169182 -0.519937 -0.829641
36.962411 61.077553 0.833288 0.111929 -0.171126 -0.520200 -0.829204
37.291905 61.826523 0.842038 0.115284 -0.169897 -0.518487 -0.830070
37.644323 62.576138 0.861980 0.115738 -0.168524 -0.521095 -0.828652
37.991640 63.322916 0.873613 0.115660 -0.170208 -0.526812 -0.824694
38.323876 64.081083 0.887257 0.116630 -0.167225 -0.523775 -0.827099
39.110334 63.829667 0.879686 -0.063827 -0.204616 0.287679 -0.933434
39.870424 63.461696 0.894648 -0.035632 -0.206366 0.150510 -0.966173
40.665883 63.326804 0.899638 -0.009856 -0.207431 0.044595 -0.977183
41.491759 63.277174 0.908348 -0.003401 -0.207889 0.035702 -0.977495
42.334608 63.224370 0.909120 -0.004585 -0.208460 0.041015 -0.977160
43.233739 63.164133 0.912932 -0.003274 -0.212814 0.037886 -0.976352
44.062794 63.084242 0.918027 -0.020765 -0.206086 0.104331 -0.972735
44.834051 62.752916 0.922055 -0.062716 -0.199176 0.289425 -0.934146
45.450343 62.182826 0.918832 -0.085332 -0.194218 0.378074 -0.901142
46.041530 61.598456 0.917354 -0.086670 -0.194517 0.372469 -0.903282
46.655253 61.016872 0.917719 -0.081395 -0.194030 0.368454 -0.905521
47.280246 60.421641 0.914292 -0.079603 -0.199143 0.368977 -0.904357
47.882881 59.880172 0.908099 -0.075184 -0.203024 0.321392 -0.921865
48.564343 59.410272 0.902986 -0.059949 -0.204146 0.273743 -0.937974
49.317914 59.028576 0.907005 -0.040890 -0.202969 0.179778 -0.961671
50.162901 58.767606 0.909401 -0.025626 -0.210279 0.111541 -0.970920
51.035892 58.601586 0.920278 -0.022600 -0.208031 0.100102 -0.972724
51.840774 58.462955 0.922810 -0.021841 -0.209217 0.112626 -0.971116
52.642743 58.233954 0.933052 -0.038077 -0.207109 0.173283 -0.962096
53.372961 57.882833 0.929210 -0.062065 -0.203000 0.275684 -0.937516
54.001599 57.345512 0.939123 -0.083683 -0.184756 0.427851 -0.880798
54.420420 56.634162 0.946792 -0.115822 -0.176074 0.555434 -0.804410
54.627986 55.797447 0.936158 -0.137974 -0.159148 0.654325 -0.726288
54.735331 54.990889 0.943883 -0.135849 -0.160825 0.644856 -0.734739
54.867540 54.113704 0.948516 -0.133854 -0.162483 0.645476 -0.734195
54.979512 53.311715 0.947804 -0.136099 -0.161668 0.647256 -0.732393
55.099004 52.487780 0.951378 -0.133846 -0.163407 0.643514 -0.735713
55.224975 51.680370 0.956670 -0.133088 -0.163623 0.639713 -0.739109
55.369567 50.810673 0.956287 -0.133307 -0.162304 0.641155 -0.738111
55.521613 49.933113 0.955270 -0.131909 -0.164090 0.641553 -0.737621
55.632667 49.126843 0.961534 -0.135122 -0.163575 0.642568 -0.736268
55.774477 48.262386 0.970308 -0.134010 -0.164111 0.643388 -0.735636
55.911178 47.457086 0.967640 -0.129815 -0.168665 0.618886 -0.756096
56.134514 46.685526 0.974805 -0.112506 -0.177157 0.563494 -0.799020
56.493395 45.966033 0.972716 -0.097621 -0.188468 0.486079 -0.847748
56.917622 45.245103 0.970150 -0.099968 -0.187070 0.496081 -0.841971
57.327632 44.551861 0.971539 -0.101496 -0.186730 0.498360 -0.840516
57.729576 43.844165 0.965554 -0.106274 -0.186494 0.496292 -0.841202
58.143977 43.092721 0.965207 -0.104785 -0.185931 0.502837 -0.837618
58.565324 42.389124 0.968304 -0.102707 -0.183778 0.487421 -0.847406
58.972393 41.686063 0.978251 -0.105258 -0.176963 0.495415 -0.843901
59.395498 40.946202 0.978244 -0.108130 -0.182353 0.486120 -0.847787
59.839993 40.199319 0.979281 -0.105827 -0.183782 0.492326 -0.844180
60.264751 39.478568 0.988244 -0.105321 -0.179700 0.493151 -0.844640
60.702661 38.746890 0.976706 -0.105067 -0.182685 0.488868 -0.846519
61.098383 38.024970 0.986958 -0.110705 -0.180837 0.530213 -0.820924
61.455119 37.290204 0.980518 -0.111905 -0.182011 0.520717 -0.826561
61.847905 36.507179 0.980896 -0.114166 -0.180118 0.518866 -0.827830
62.214249 35.764892 0.977232 -0.113877 -0.183626 0.518431 -0.827371
62.615992 35.007289 0.971691 -0.105192 -0.185553 0.494639 -0.842519
63.066831 34.323316 0.980968 -0.098844 -0.188844 0.456426 -0.863853
63.520166 33.633128 0.977132 -0.098567 -0.188384 0.467485 -0.858052
64.019741 32.952113 0.977384 -0.098439 -0.188178 0.455557 -0.864503
64.491617 32.246639 0.971312 -0.096597 -0.186660 0.461789 -0.861729
64.978913 31.535453 0.971828 -0.100315 -0.190488 0.463269 -0.859670
65.486589 30.867745 0.964265 -0.092201 -0.191961 0.420753 -0.881826
66.056723 30.229954 0.966288 -0.080515 -0.192669 0.403286 -0.890930
66.621539 29.630896 0.967306 -0.079954 -0.190791 0.414754 -0.886107
67.165742 28.975832 0.970015 -0.083263 -0.189501 0.419144 -0.884011
67.753605 28.423781 0.969883 -0.031307 -0.205615 0.186512 -0.960185
68.516533 28.129761 0.981692 -0.025541 -0.204348 0.160939 -0.965240
69.310354 27.939832 0.980044 -0.007819 -0.210506 0.080907 -0.974207
70.128728 27.878685 0.988729 -0.003981 -0.207203 0.050023 -0.977010
70.993197 27.786267 0.997108 -0.003753 -0.207983 0.055903 -0.976526
71.822011 27.713605 0.996941 0.002039 -0.209967 0.034241 -0.977107
72.637512 27.652627 0.997205 -0.004535 -0.206686 0.058428 -0.976651
73.461474 27.564133 1.009979 -0.004741 -0.207787 0.055146 -0.976607
74.267101 27.477456 1.010138 -0.004523 -0.207327 0.056652 -0.976620
75.120027 27.400088 1.016858 -0.002465 -0.205573 0.050560 -0.977332
75.989032 27.330956 1.023488 -0.002349 -0.207935 0.057273 -0.976462
76.811986 27.247917 1.017581 -0.003147 -0.209710 0.058392 -0.976013
77.665415 27.157817 1.022075 -0.006456 -0.206836 0.061431 -0.976424
78.498852 27.067294 1.029856 -0.007929 -0.202029 0.062008 -0.977382
79.374574 26.986231 1.044214 -0.004511 -0.205135 0.058835 -0.976953
80.234424 26.901593 1.056795 -0.004235 -0.211266 0.064783 -0.975270
81.047080 26.797329 1.037792 -0.003403 -0.207768 0.063248 -0.976125
81.909886 26.755474 1.044447 0.000780 -0.202586 0.037766 -0.978536
82.767546 26.689327 1.060676 0.002656 -0.206601 0.036501 -0.977741
83.625589 26.820551 1.066384 0.026156 -0.201363 -0.072966 -0.976445
84.438734 26.968151 1.072087 0.029514 -0.204217 -0.083445 -0.974916
85.205729 27.203927 1.076365 0.046406 -0.202709 -0.139298 -0.968169
85.063764 28.043540 1.077445 0.173543 -0.128884 -0.755005 -0.619063
84.876430 28.845919 1.074748 0.173937 -0.128486 -0.761783 -0.610675
84.679913 29.638378 1.059665 0.174141 -0.124828 -0.769068 -0.602186
84.575696 30.442966 1.052039 0.153978 -0.149679 -0.662558 -0.717568
84.750390 31.247554 1.034860 0.139493 -0.157491 -0.606301 -0.766901
84.932649 32.072403 1.032125 0.135666 -0.156572 -0.605457 -0.768442
85.100048 32.887074 1.042515 0.134038 -0.154942 -0.604341 -0.769934
85.276724 33.680950 1.060534 0.134075 -0.153218 -0.610818 -0.765147
85.454311 34.497976 1.064740 0.135865 -0.156063 -0.613940 -0.761750
85.612874 35.297949 1.084901 0.135615 -0.154017 -0.605723 -0.768757
85.769892 36.100841 1.092077 0.136012 -0.151212 -0.611880 -0.764355
85.935329 36.884485 1.104169 0.137253 -0.157905 -0.607337 -0.766400
86.105784 37.677157 1.112329 0.135574 -0.152871 -0.614283 -0.762172
86.271315 38.473007 1.129074 0.132167 -0.156238 -0.605289 -0.769251
86.511866 39.279932 1.134373 0.120210 -0.167669 -0.545179 -0.812537
86.809250 40.059965 1.137841 0.123809 -0.162538 -0.554252 -0.806882
87.189598 40.791662 1.155425 0.099613 -0.180022 -0.451080 -0.868445
87.720074 41.407907 1.162537 0.087738 -0.188063 -0.389241 -0.897455
88.295668 42.045482 1.173100 0.088207 -0.184730 -0.384947 -0.899950
88.841229 42.649965 1.189651 0.089539 -0.189697 -0.384682 -0.898898
89.437664 43.302526 1.198129 0.087950 -0.185268 -0.395347 -0.895344
89.991826 43.896944 1.221547 0.086580 -0.184886 -0.398299 -0.894248
90.516038 44.507264 1.228875 0.089508 -0.186961 -0.407079 -0.889562
90.986252 45.193630 1.237281 0.109871 -0.176230 -0.501048 -0.840132
91.153995 46.053758 1.257935 0.137680 -0.152649 -0.626259 -0.752026
91.296889 46.867464 1.269116 0.141332 -0.157684 -0.632016 -0.745464
91.400964 47.669138 1.261109 0.137562 -0.153303 -0.636750 -0.743051
91.302905 48.516552 1.281118 0.159692 -0.134830 -0.732201 -0.648229
91.189134 49.338683 1.281872 0.159544 -0.132847 -0.736775 -0.643475
91.054528 50.127552 1.302413 0.158537 -0.131207 -0.735955 -0.644997
90.946035 50.922490 1.308279 0.161380 -0.133476 -0.734365 -0.645639
90.827787 51.721922 1.314564 0.162654 -0.131748 -0.742684 -0.636087
90.682328 52.556623 1.315653 0.160835 -0.131445 -0.738237 -0.641763
90.613285 53.363660 1.327340 0.154562 -0.138590 -0.705872 -0.677236
90.555717 54.168915 1.331342 0.154409 -0.137823 -0.705889 -0.677410
90.508002 55.026803 1.338044 0.157602 -0.137790 -0.709342 -0.673060
90.453136 55.853847 1.352568 0.155769 -0.137552 -0.709948 -0.672896
90.394691 56.651858 1.369028 0.157610 -0.138099 -0.709315 -0.673023
90.339327 57.512669 1.376198 0.157194 -0.137804 -0.709013 -0.673499
90.272476 58.323888 1.381221 0.157745 -0.136185 -0.715152 -0.667178
90.202639 59.151973 1.390393 0.158050 -0.137523 -0.706758 -0.675722
90.128410 60.043023 1.404232 0.157568 -0.133749 -0.710233 -0.672943
90.071743 60.843302 1.405231 0.157795 -0.138127 -0.710845 -0.671358
90.000807 61.656391 1.411512 0.159802 -0.135570 -0.719829 -0.661763
89.932316 62.475363 1.415107 0.158337 -0.137208 -0.713328 -0.668779
89.867178 63.274963 1.426875 0.161263 -0.135679 -0.718476 -0.662856
89.782842 64.112988 1.435094 0.159198 -0.131930 -0.720703 -0.661693
89.692713 64.917575 1.435332 0.158833 -0.133292 -0.716543 -0.666012
89.627792 65.732702 1.436457 0.160461 -0.132866 -0.715455 -0.666876
89.555628 66.550912 1.449330 0.157519 -0.131465 -0.715397 -0.667915
89.479175 67.375350 1.452485 0.156652 -0.131925 -0.720467 -0.662558
89.397873 68.209610 1.469340 0.160230 -0.132700 -0.723769 -0.657933
89.298353 69.017858 1.475510 0.163403 -0.130654 -0.722747 -0.658685
89.203677 69.861546 1.478926 0.161824 -0.130572 -0.720405 -0.661650
89.117243 70.684068 1.483651 0.162991 -0.130682 -0.722218 -0.659361
89.025399 71.499323 1.478909 0.162730 -0.128258 -0.724134 -0.657798
88.934740 72.335648 1.502011 0.160401 -0.129729 -0.725392 -0.656695
88.849814 73.156095 1.505677 0.159430 -0.132673 -0.708852 -0.674172
88.938405 73.983237 1.514114 0.130744 -0.159069 -0.575364 -0.791555
89.465176 73.365621 1.512851 -0.154883 -0.150545 0.701294 -0.679363
89.465877 72.545830 1.506032 -0.152430 -0.150710 0.698002 -0.683261
89.446169 71.669159 1.491372 -0.154514 -0.149032 0.702464 -0.678572
89.430204 70.862048 1.488539 -0.152578 -0.151217 0.700319 -0.680739
89.419237 70.044034 1.482179 -0.152418 -0.150487 0.700754 -0.680490
89.403143 69.228803 1.473767 -0.152171 -0.152222 0.701804 -0.679076
89.390400 68.409492 1.467633 -0.152558 -0.155353 0.692998 -0.687274
89.381948 67.569422 1.465099 -0.153596 -0.153149 0.701942 -0.678403
89.368426 66.739423 1.451711 -0.153072 -0.151737 0.695839 -0.685093
89.374592 65.920176 1.455921 -0.152409 -0.151355 0.695300 -0.685872
89.369586 65.042872 1.449170 -0.151058 -0.150498 0.695667 -0.685988
89.375843 64.189854 1.443561 -0.149291 -0.153817 0.690763 -0.690578
89.397194 63.360474 1.436972 -0.148745 -0.154751 0.689535 -0.691714
89.409184 62.493021 1.432571 -0.150013 -0.153505 0.684647 -0.696557
89.435371 61.643939 1.432270 -0.144910 -0.155511 0.670260 -0.711034
89.484973 60.843394 1.426580 -0.148099 -0.155657 0.678610 -0.702372
89.523748 60.012871 1.422748 -0.146924 -0.154049 0.676544 -0.704961
89.580752 59.186962 1.414378 -0.144894 -0.156613 0.672484 -0.708691
89.648108 58.309618 1.414774 -0.144331 -0.155943 0.673328 -0.708152
89.697311 57.471298 1.407851 -0.145194 -0.156679 0.674488 -0.706708
89.747459 56.636010 1.407233 -0.143015 -0.154849 0.671003 -0.710861
89.806198 55.789422 1.395665 -0.145845 -0.156215 0.673127 -0.707973
89.870262 54.942419 1.394138 -0.143776 -0.159477 0.664797 -0.715500
89.928956 54.071505 1.392442 -0.146087 -0.156212 0.675522 -0.705639
89.988606 53.215544 1.379759 -0.145653 -0.159389 0.675743 -0.704806
90.027266 52.397859 1.371584 -0.145278 -0.158979 0.675038 -0.705651
90.075677 51.573165 1.351654 -0.144755 -0.157037 0.671955 -0.709128
90.136858 50.774449 1.341409 -0.142825 -0.157012 0.661967 -0.718852
90.230516 49.956567 1.310775 -0.140232 -0.162228 0.651258 -0.727929
90.329072 49.152151 1.263698 -0.140687 -0.160537 0.657417 -0.722661
90.452627 48.336789 1.286985 -0.136955 -0.165857 0.644507 -0.733721
90.598991 47.491444 1.252747 -0.136430 -0.165015 0.648355 -0.730611
90.724063 46.622008 1.258876 -0.135450 -0.166472 0.637398 -0.740044
90.853051 45.804336 1.244739 -0.136322 -0.166674 0.637999 -0.739319
90.988700 45.014046 1.242056 -0.139063 -0.167219 0.637638 -0.738997
91.100352 44.211351 1.230495 -0.141035 -0.164703 0.643586 -0.734016
91.237198 43.418760 1.232786 -0.139233 -0.167141 0.637509 -0.739095
91.361690 42.628177 1.224106 -0.136093 -0.165812 0.629355 -0.746926
91.499354 41.804544 1.201988 -0.139008 -0.163371 0.633536 -0.743384
91.648095 41.017739 1.206433 -0.138474 -0.163282 0.624671 -0.750966
92.084370 40.327752 1.235021 0.002578 -0.204747 -0.005388 -0.978797
92.922546 40.343446 1.236960 0.004804 -0.208083 -0.003397 -0.978094
93.733555 40.351815 1.260873 0.004853 -0.207040 -0.005545 -0.978305
94.545140 40.369786 1.254726 0.000344 -0.215756 -0.002455 -0.976444
95.410908 40.394909 1.254209 0.006127 -0.204827 -0.009176 -0.978736
96.271584 40.413189 1.282684 0.003714 -0.207095 -0.009566 -0.978267
97.094713 40.461113 1.286359 0.004390 -0.207154 -0.012806 -0.978215
97.905495 40.488612 1.295048 0.006509 -0.212165 -0.015736 -0.977085
98.716451 40.527393 1.297621 0.005443 -0.208473 -0.015515 -0.977890
99.599419 40.555739 1.306820 0.000992 -0.209843 -0.009199 -0.977691
100.407108 40.585461 1.314075 0.001020 -0.210465 -0.013838 -0.977503
101.274188 40.609407 1.329114 0.002004 -0.211634 -0.004617 -0.977336
102.107094 40.633903 1.330299 0.003483 -0.209673 -0.011156 -0.977702
102.951099 40.654294 1.341572 0.004115 -0.208386 -0.009567 -0.977991
103.804633 40.662967 1.351466 0.000838 -0.210256 0.011574 -0.977578
104.653563 40.651891 1.360084 -0.000612 -0.210738 0.016861 -0.977397
105.454972 40.650031 1.357441 -0.001777 -0.209830 0.018767 -0.977556
106.274846 40.635589 1.373677 -0.001158 -0.210019 0.017649 -0.977537
107.100511 40.622964 1.374210 -0.000846 -0.209707 0.010309 -0.977710
107.957635 40.595139 1.387120 -0.002999 -0.210480 0.036005 -0.976930
108.769581 40.543910 1.384470 -0.006293 -0.210787 0.065722 -0.975300
109.585709 40.426178 1.393173 -0.010972 -0.210580 0.072929 -0.974791
110.394042 40.323767 1.396960 -0.010448 -0.210263 0.064663 -0.975448
111.258132 40.230673 1.404881 -0.007551 -0.208873 0.056237 -0.976295
112.073606 40.151054 1.414991 -0.007172 -0.208682 0.050443 -0.976656
112.915819 40.092995 1.409533 -0.006735 -0.207709 0.052415 -0.976762
113.773438 40.006422 1.428148 -0.007091 -0.208560 0.060900 -0.976086
114.574427 39.919690 1.420344 -0.008204 -0.211163 0.054983 -0.975869
115.368610 39.851379 1.423988 -0.004291 -0.215450 0.039640 -0.975701
116.207117 39.772899 1.419865 -0.007817 -0.210914 0.056112 -0.975862
117.072159 39.691533 1.434740 -0.007673 -0.210392 0.048132 -0.976401
117.801358 39.266381 1.438055 -0.070200 -0.202774 0.337702 -0.916467
117.212068 38.688686 1.414038 -0.197560 -0.087098 0.907067 -0.361405
116.388112 38.469886 1.414777 -0.212978 -0.032978 0.972488 -0.088432
115.539608 38.403784 1.416589 -0.210442 0.000258 0.976386 0.048828
114.706952 38.460950 1.412687 -0.209746 -0.000133 0.976971 0.039167
113.870004 38.512236 1.402053 -0.210909 -0.000055 0.976649 0.040909
112.995926 38.569519 1.423378 -0.216141 -0.002978 0.975744 0.034607
112.156902 38.606052 1.399382 -0.217095 -0.002722 0.975632 0.031703
111.322149 38.649023 1.394288 -0.214403 -0.004540 0.976209 0.032043
110.482030 38.668982 1.404454 -0.217220 -0.003972 0.975728 0.027485
109.665464 38.709094 1.383649 -0.212437 -0.004267 0.976765 0.027960
108.856283 38.951834 1.377175 -0.211237 0.040906 0.945054 0.246128
108.140969 39.400574 1.376117 -0.208008 0.048126 0.936671 0.277605
107.435944 39.824219 1.372292 -0.205910 0.045290 0.937797 0.275839
106.722285 40.210133 1.371122 -0.210574 0.033442 0.952169 0.218893
105.951185 40.494371 1.364769 -0.213533 0.017744 0.967464 0.134547
105.157512 40.698582 1.367286 -0.212804 0.019874 0.966966 0.138914
104.368708 40.895886 1.359694 -0.210197 0.014945 0.968985 0.129080
103.558816 41.019169 1.351752 -0.214577 -0.003302 0.975941 0.038532
102.670414 41.067264 1.355783 -0.217048 -0.001320 0.974850 0.050561
101.870957 41.133142 1.340996 -0.215133 -0.002975 0.975273 0.050502
101.034833 41.207644 1.347297 -0.213881 -0.005736 0.975668 0.047901
100.170920 41.258762 1.310257 -0.214702 -0.006715 0.976100 0.032975
99.317651 41.307702 1.306441 -0.213592 -0.004481 0.976317 0.034118
98.433234 41.357845 1.317362 -0.216120 -0.004559 0.975552 0.039609
97.553865 41.413630 1.312584 -0.213307 -0.004306 0.976335 0.035378
96.740478 41.458810 1.278750 -0.216474 -0.005499 0.975578 0.036842
95.910864 41.475909 1.281826 -0.216868 -0.010443 0.976080 0.011319
95.087361 41.494241 1.289623 -0.221566 -0.011479 0.975052 0.007055
94.227362 41.513481 1.286338 -0.214241 -0.007856 0.976499 0.022128
93.422352 41.535823 1.280284 -0.219795 -0.006786 0.975355 0.018071
92.544500 41.547441 1.256720 -0.214993 -0.006494 0.976501 0.013505
91.669922 41.548470 1.239797 -0.217616 -0.008680 0.975713 0.023490
90.835100 41.566268 1.239445 -0.216674 -0.010379 0.976002 0.019075
89.985759 41.569201 1.234590 -0.214948 -0.010524 0.976370 0.019717
89.157203 41.599369 1.222274 -0.211795 -0.006038 0.977073 0.020846
88.304797 41.631655 1.220813 -0.218762 -0.003323 0.974498 0.049867
87.468242 41.708070 1.208517 -0.216822 -0.003591 0.975059 0.047279
86.633842 41.770194 1.192369 -0.215589 -0.002438 0.975426 0.045387
85.816429 41.808433 1.184858 -0.218704 -0.005035 0.974735 0.045108
84.959550 41.872419 1.145551 -0.214757 0.000121 0.975685 0.043789
84.107708 41.927523 1.148667 -0.217627 -0.000455 0.975271 0.038525
83.250866 41.939786 1.124350 -0.216784 -0.013230 0.976094 -0.008397
82.428592 41.924060 1.115309 -0.215652 -0.010156 0.976415 -0.002133
81.584342 41.924354 1.116501 -0.216676 -0.007102 0.976177 0.008952
80.698146 41.902927 1.110742 -0.214807 -0.011966 0.976573 0.004547
79.834890 41.914789 1.094989 -0.212264 -0.010819 0.977091 0.010912
78.999679 41.901724 1.095018 -0.217890 -0.013809 0.975863 -0.005010
78.145292 41.887465 1.099913 -0.213655 -0.008900 0.976788 0.012523
77.313756 41.877044 1.078686 -0.214730 -0.011009 0.976606 0.003285
76.470982 41.854590 1.081056 -0.212075 -0.018190 0.976391 -0.036785
75.634652 41.770000 1.077838 -0.212724 -0.016226 0.976758 -0.020740
74.798034 41.702321 1.063345 -0.213161 -0.020336 0.976358 -0.029559
73.941958 41.634270 1.072048 -0.216245 -0.015973 0.976017 -0.019315
73.105821 41.566676 1.069857 -0.212945 -0.020417 0.975800 -0.045298
72.305022 41.469491 1.058037 -0.215207 -0.022643 0.975231 -0.045804
71.465254 41.359532 1.046220 -0.213898 -0.026210 0.974608 -0.060831
70.647567 41.233220 1.038576 -0.213603 -0.027001 0.974681 -0.060353
69.804241 41.113968 1.044850 -0.212866 -0.025791 0.974678 -0.063446
68.949923 40.966207 1.048643 -0.213232 -0.027452 0.974306 -0.067126
68.139526 40.840636 1.047169 -0.215098 -0.025635 0.974090 -0.064998
67.334260 40.719745 1.046131 -0.213510 -0.025902 0.974128 -0.069401
66.503586 40.572813 1.042896 -0.214875 -0.027423 0.973237 -0.076718
65.663570 40.432094 1.039298 -0.215058 -0.028028 0.972724 -0.082299
64.824399 40.590176 1.028005 -0.211728 0.036270 0.948301 0.233625
64.065579 40.995491 1.028076 -0.210857 0.043794 0.945869 0.242803
63.333016 41.384489 1.027642 -0.212828 0.040228 0.944894 0.245480
62.590114 41.755804 1.005521 -0.210597 0.036352 0.947604 0.237431
61.829193 42.157816 1.020614 -0.211434 0.038500 0.946661 0.240097
61.089097 42.534860 1.001246 -0.210909 0.041606 0.945609 0.244151
60.332805 42.931155 0.997984 -0.214717 0.038237 0.946948 0.236058
59.606147 43.280574 0.983219 -0.213658 0.037774 0.948684 0.230049
58.865932 43.690185 0.977836 -0.211529 0.054729 0.923563 0.315106
58.245009 44.303972 0.958962 -0.194922 0.083420 0.882707 0.419375
57.794107 45.020634 0.965536 -0.177752 0.110689 0.814692 0.540767
57.596713 45.870099 0.954852 -0.160735 0.139424 0.712371 0.668770
57.597725 46.763632 0.956223 -0.151436 0.148261 0.679470 0.702429
57.590337 47.615342 0.952572 -0.157054 0.141213 0.706787 0.675163
57.506689 48.443890 0.964800 -0.158803 0.136266 0.716846 0.665090
57.440502 49.281626 0.959437 -0.158764 0.135754 0.715945 0.666174
57.356945 50.109934 0.958782 -0.163380 0.135304 0.721519 0.659098
57.276173 50.964857 0.956263 -0.161117 0.136669 0.722326 0.658489
57.173203 51.806604 0.948956 -0.164970 0.134184 0.724198 0.655986
57.080492 52.624982 0.949900 -0.163214 0.134699 0.722590 0.658089
56.984729 53.491187 0.951981 -0.163244 0.135329 0.721378 0.659281
56.903635 54.323474 0.933742 -0.162955 0.134773 0.724018 0.656567
56.805383 55.158304 0.953972 -0.165412 0.134052 0.721898 0.658432
56.704810 55.990293 0.949740 -0.161789 0.133057 0.722511 0.658862
56.579523 56.827235 0.949098 -0.171345 0.127003 0.758317 0.616009
56.295005 57.608028 0.949747 -0.183752 0.101009 0.828009 0.520032
55.876040 58.294805 0.923301 -0.192794 0.081525 0.873519 0.439486
55.324441 58.921057 0.946249 -0.195170 0.073158 0.889188 0.407311
54.758130 59.500442 0.960713 -0.212019 0.010817 0.967819 0.135117
53.952850 59.607230 0.956381 -0.214356 0.003592 0.972172 0.094447
53.109418 59.750414 0.963235 -0.213589 0.006550 0.972135 0.096388
52.311631 59.887330 0.955687 -0.216696 0.004770 0.973090 0.078202
51.503498 59.976020 0.950110 -0.214542 -0.006308 0.975809 0.041574
50.702754 60.008725 0.942401 -0.214691 -0.008709 0.976318 0.025209
49.906904 59.683750 0.940530 -0.207668 -0.070105 0.939210 -0.264279
49.186291 59.243903 0.923260 -0.210847 -0.067439 0.942617 -0.249938
48.480808 58.820051 0.917808 -0.205783 -0.064855 0.943231 -0.252512
47.767471 58.409688 0.894994 -0.210708 -0.062367 0.949298 -0.224823
47.001288 58.081978 0.885156 -0.211367 -0.048875 0.964513 -0.150498
46.228428 57.834903 0.872665 -0.211166 -0.035464 0.970924 -0.107037
45.374265 57.745650 0.861862 -0.216216 -0.017294 0.976136 -0.010495
44.550097 57.747279 0.855674 -0.215264 -0.012402 0.976182 0.024009
43.719560 57.829229 0.855516 -0.215830 0.009257 0.968658 0.122608
42.948948 58.051885 0.857793 -0.213674 0.020389 0.962187 0.167702
42.217527 58.414194 0.853536 -0.207065 0.055201 0.922144 0.322069
41.699534 59.029573 0.854738 -0.187581 0.090934 0.845048 0.492381
41.418145 59.817871 0.873479 -0.162809 0.128011 0.722936 0.659143
41.381660 60.679398 0.880572 -0.155837 0.135984 0.698583 0.684986
41.350105 61.506597 0.888850 -0.155550 0.135486 0.700169 0.683528
41.298839 62.337601 0.893888 -0.159195 0.132399 0.709477 0.673625
40.596196 62.840804 0.896087 -0.205819 0.054713 0.926028 0.311635
39.913409 63.318480 0.888178 -0.210133 0.049436 0.928765 0.301323
39.232622 63.790035 0.888444 -0.206395 0.051122 0.929136 0.302479
38.537214 64.189335 0.894390 -0.210182 0.019133 0.967094 0.142083
37.729069 64.403401 0.889422 -0.213408 0.012653 0.967371 0.135981
36.915517 64.623684 0.885657 -0.215013 0.016427 0.966104 0.141923
36.114813 64.844724 0.886398 -0.213289 0.014708 0.966942 0.138976
35.302440 65.075259 0.880905 -0.217996 0.018362 0.965345 0.142304
34.503056 65.281853 0.886363 -0.210151 0.011745 0.967692 0.138816
33.692577 65.485455 0.883485 -0.212472 0.008195 0.970152 0.116592
32.809737 65.548600 0.874216 -0.216481 -0.024428 0.975265 -0.037371
31.953045 65.367003 0.858150 -0.217923 -0.036933 0.971056 -0.090533
31.164820 65.209529 0.859574 -0.214339 -0.034779 0.972340 -0.086047
30.350001 65.038361 0.835932 -0.215501 -0.034827 0.972265 -0.083950
29.543954 64.887286 0.832844 -0.215666 -0.036034 0.971325 -0.093370
28.726026 64.723177 0.808026 -0.221383 -0.033659 0.970721 -0.086937
27.930567 64.545093 0.782440 -0.215757 -0.037091 0.971836 -0.087223
27.104212 64.386046 0.790061 -0.210871 -0.035139 0.973390 -0.082525
26.266956 64.231602 0.777084 -0.215749 -0.032331 0.973195 -0.072794
25.444800 64.106883 0.760996 -0.215072 -0.028544 0.974756 -0.052723
24.599949 64.003244 0.760961 -0.215562 -0.026714 0.974922 -0.048440
23.768816 63.912983 0.740448 -0.213904 -0.020204 0.976527 -0.015223
22.926484 63.877929 0.735149 -0.215638 -0.020555 0.976011 -0.021908
22.055181 63.798221 0.721890 -0.217922 -0.023178 0.975474 -0.020596
21.204965 63.747734 0.710490 -0.215198 -0.020898 0.976182 -0.017930
20.382078 63.694671 0.697425 -0.216705 -0.021257 0.975863 -0.016699
19.525945 63.650720 0.687434 -0.218237 -0.017398 0.975654 -0.013019
18.671781 63.617519 0.678260 -0.214399 -0.016504 0.976545 -0.010999
17.827853 63.592674 0.669481 -0.218155 -0.014991 0.975777 -0.006580
16.996004 63.554628 0.657399 -0.215168 -0.016661 0.976410 -0.007025
16.154333 63.537404 0.652723 -0.212815 -0.015149 0.976975 -0.000505
15.307935 63.504075 0.644988 -0.213278 -0.016579 0.976829 -0.006489
14.453547 63.469774 0.638505 -0.217288 -0.017834 0.975864 -0.012568
13.620274 63.440330 0.617095 -0.221962 -0.017004 0.974830 -0.012249
12.788074 63.382692 0.607108 -0.217168 -0.019514 0.975662 -0.023242
11.945924 63.319550 0.600890 -0.215616 -0.020616 0.976002 -0.022469
11.104438 63.272930 0.594967 -0.217776 -0.017833 0.975800 -0.008320
10.257043 63.239755 0.579953 -0.217917 -0.019297 0.975608 -0.018150
9.453311 63.069815 0.564461 -0.213288 -0.051666 0.959658 -0.175773
8.722556 62.687879 0.560655 -0.207476 -0.070396 0.934809 -0.279518
8.092916 62.118654 0.546767 -0.195012 -0.093948 0.892543 -0.395615
7.555667 61.486746 0.543012 -0.197073 -0.098027 0.890159 -0.398960
7.031179 60.854190 0.526961 -0.195234 -0.097789 0.888556 -0.403471
6.487665 60.206171 0.516461 -0.197848 -0.098439 0.889048 -0.400947
5.945743 59.560350 0.499557 -0.197215 -0.102332 0.879473 -0.420906
5.436300 58.867035 0.487744 -0.196108 -0.105380 0.876387 -0.427064
4.930538 58.222686 0.469079 -0.192117 -0.102380 0.878573 -0.425110
4.430740 57.542933 0.464731 -0.187881 -0.106025 0.883117 -0.416610
3.912440 56.892690 0.471602 -0.183996 -0.103590 0.884048 -0.416982
3.406062 56.212399 0.469149 -0.180255 -0.112601 0.859032 -0.465717
3.056719 55.445218 0.466881 -0.167667 -0.135400 0.796395 -0.565074
2.857485 54.629214 0.455349 -0.158578 -0.142452 0.774782 -0.595209
2.640863 53.830728 0.454311 -0.160582 -0.143422 0.770481 -0.600002
2.433778 53.055188 0.455568 -0.160559 -0.133733 0.782860 -0.586060
2.195257 52.193540 0.461473 -0.158345 -0.133934 0.786554 -0.581654
1.987716 51.411962 0.464874 -0.157749 -0.142146 0.761400 -0.612519
1.816918 50.537857 0.469970 -0.160342 -0.139811 0.766517 -0.605966
1.629966 49.670158 0.465656 -0.159210 -0.138656 0.768354 -0.604201
1.429848 48.811135 0.467700 -0.158795 -0.139869 0.763637 -0.609983
1.272928 48.021199 0.462508 -0.159642 -0.139791 0.763945 -0.609394
1.117438 47.189127 0.459989 -0.156729 -0.145554 0.748890 -0.627227
0.952608 46.308522 0.463401 -0.157247 -0.139080 0.766371 -0.607129
0.842594 45.494712 0.464310 -0.144551 -0.152502 0.707735 -0.674507
0.846659 44.665178 0.463828 -0.147189 -0.157520 0.707898 -0.672609
0.810413 43.800359 0.456005 -0.150778 -0.154878 0.707853 -0.672475
0.804548 42.976929 0.453296 -0.147871 -0.160526 0.691406 -0.688712
0.798741 42.156837 0.439382 -0.148355 -0.154941 0.706557 -0.674360
0.775823 41.333311 0.443058 -0.146357 -0.153285 0.712176 -0.669245
0.754862 40.467655 0.435283 -0.144231 -0.155288 0.710152 -0.671392
0.726717 39.657578 0.434517 -0.144545 -0.155695 0.705814 -0.675790
0.728100 38.805472 0.429977 -0.143026 -0.161619 0.685973 -0.694884
0.797128 37.981777 0.425468 -0.131180 -0.162656 0.655848 -0.725395
0.918578 37.137405 0.424007 -0.131397 -0.167937 0.645788 -0.733137
1.030806 36.307131 0.434655 -0.131701 -0.163548 0.649082 -0.731164
1.181371 35.449527 0.407040 -0.137475 -0.179056 0.635882 -0.738034
1.310372 34.636715 0.392245 -0.133706 -0.169319 0.643148 -0.734720
1.410525 33.801549 0.391945 -0.139699 -0.164293 0.660579 -0.719116
1.515247 32.966749 0.385742 -0.137780 -0.164670 0.663747 -0.716478
1.584037 32.129545 0.373691 -0.141430 -0.164035 0.663154 -0.716461
1.681085 31.282007 0.358884 -0.137980 -0.170082 0.661705 -0.717064
1.760873 30.460781 0.353684 -0.135069 -0.161650 0.667183 -0.714488
1.843743 29.614004 0.360047 -0.137778 -0.164908 0.667295 -0.713120
1.906754 28.783855 0.352956 -0.134934 -0.160940 0.668237 -0.713688
1.986161 27.973229 0.340915 -0.134523 -0.170937 0.645765 -0.731896
2.086038 27.175038 0.332999 -0.136715 -0.163309 0.667340 -0.713650
2.149775 26.334528 0.326310 -0.139381 -0.162061 0.668843 -0.712010
2.236413 25.491847 0.313872 -0.133724 -0.169090 0.641578 -0.736141
2.401939 24.644481 0.297081 -0.137178 -0.175431 0.631709 -0.742530
2.572949 23.835545 0.284317 -0.128451 -0.177522 0.595754 -0.772699
2.827254 23.033462 0.265402 -0.124840 -0.181666 0.574876 -0.787991
3.088403 22.208030 0.262410 -0.125727 -0.178994 0.583935 -0.781776
3.340409 21.383467 0.242278 -0.128587 -0.176025 0.585714 -0.780653
3.631643 20.527865 0.227345 -0.123365 -0.180195 0.573857 -0.789303
3.933464 19.724977 0.244343 -0.113840 -0.183278 0.536504 -0.815851
4.309615 18.986951 0.209799 -0.104988 -0.191368 0.500822 -0.837576
4.707980 18.259326 0.210529 -0.107344 -0.184526 0.516632 -0.829168
5.088465 17.542939 0.215649 -0.106322 -0.180900 0.492943 -0.844380
5.467514 16.832252 0.220889 -0.114681 -0.175822 0.482618 -0.850303
5.878405 16.137333 0.231747 -0.111536 -0.177261 0.490928 -0.845653
6.296396 15.442565 0.231121 -0.108695 -0.181504 0.490442 -0.845404
6.731545 14.716303 0.245604 -0.100544 -0.175282 0.494709 -0.845240
6.926110 13.936628 0.243369 -0.155008 -0.135496 0.751368 -0.626945
6.759990 13.121223 0.231897 -0.169852 -0.139819 0.748107 -0.626049
6.655452 12.280302 0.214682 -0.169380 -0.147337 0.735986 -0.638691
6.544753 11.469402 0.189041 -0.177830 -0.150684 0.741189 -0.629532
6.416658 10.677748 0.148872 -0.179591 -0.145912 0.750503 -0.619033
6.297079 9.838621 0.113717 -0.176066 -0.148356 0.741667 -0.630017
6.157427 9.020535 0.091882 -0.174790 -0.142242 0.741344 -0.632159
6.034687 8.185091 0.076495 -0.167426 -0.143288 0.734532 -0.641794
5.940729 7.355238 0.060242 -0.165207 -0.146290 0.739624 -0.635816
5.803593 6.512580 0.054730 -0.166625 -0.143823 0.749747 -0.624043
5.658592 5.693587 0.041011 -0.167563 -0.143435 0.758125 -0.613674
5.485770 4.868590 0.032315 -0.167768 -0.135910 0.764056 -0.607948
5.291775 4.055649 0.033419 -0.167939 -0.133055 0.771265 -0.599369
5.066136 3.245162 0.022674 -0.178012 -0.125695 0.798307 -0.561443
4.736910 2.461175 -0.000545 -0.185263 -0.113967 0.839533 -0.497869
4.249753 1.702543 0.008141 -0.195799 -0.091877 0.887515 -0.406863
3.660226 1.074533 0.005271 -0.197618 -0.088541 0.895304 -0.389278
3.081729 0.444476 -0.017653 -0.193011 -0.087140 0.892628 -0.397955
2.569584 -0.186257 -0.019748 -0.189473 -0.091163 0.889874 -0.404863
