1 142.2262273734526 40.366822150887785 9.803683328599869
2 145.0717963346141 20.03627327254982 9.617932036479708
3 140.22014892086497 60.25294594445214 9.981267920564926
4 103.01660878273985 -2.0854278519010907 12.153885923629419
5 145.65534293992187 0.5718174630214641 12.115450638335169
6 103.23045543033508 -5.928635437609089 12.399918998619118
7 145.6520185949445 -3.323978409516643 12.089408212950177
8 14.595674468756464 -11.597133999831627 11.89467787432993
9 57.92584520730205 -8.628092236306765 12.239725204288149
10 14.244126452414564 -7.770421558307168 11.845371444772736
11 57.66980521559367 -4.794343971198529 12.195821789712834
12 36.37665606191805 5.3924922272241895 3.330456859012128
13 95.51730791294001 8.803820865193721 2.9200032486021414
14 108.54684018922394 9.970525212114193 3.548023218366815
15 11.113460857389711 9.001336128297254 2.3608954827324085
16 5.181979957608189 34.38154440965277 2.592348655089216
17 6.006892278163282 53.01720320414154 2.971581095172904
18 7.492181731868292 72.11571420634692 3.074216978304474
19 5.186663016076798 87.78892730875188 3.3701660548637142
20 2.2537000403652505 101.71242555759318 3.395111309958075
21 1.0758590691515577 119.95456275001034 1.0177608834777272
22 0.3816347125688992 127.16061913477287 3.2820853456333343
23 -8.825993916499037 117.78979092107264 3.6640332508528655
24 37.42039689344583 55.09195123320356 3.561398003690159
25 42.507518993697204 72.19777173516924 3.506208995147889
26 53.541860548237395 50.657910192676674 3.6824266109194923
27 49.937966354094314 30.366675708953295 3.5875570642600523
28 66.52059334011571 35.91774354469274 3.7657963478353227
29 49.51246377914038 27.087723838807214 0.9119650315328275
30 35.711397853929796 18.083657872006842 3.507364492211507
31 75.18554181211077 23.989407909759173 3.7912575222399245
32 93.43099865521931 26.819482476215434 3.6077894997152096
33 82.35945515386793 37.22739827634573 3.9310170895908234
34 88.64150675165551 47.50563718672993 3.6685928389812346
35 88.0086929332249 58.56517036735557 3.755022134189807
36 87.10573275379299 70.0947974128581 3.927666731044373
37 114.18154853058861 45.112792040469365 4.237764701461707
38 125.49482308407222 35.49736545162132 3.8739388449426837
