0.011260 0.001270 0.001208 0.000981 0.202593 -0.001309 0.979262
75.012200 -1.734729 0.820942 0.011051 -0.203719 -0.051491 -0.977612
148.906114 -14.567020 0.610258 -0.001986 -0.214147 -0.024457 -0.976493
222.591814 -26.235405 0.952991 -0.031393 -0.208045 0.133638 -0.968438
230.300252 -100.848513 0.998886 -0.130416 -0.168955 0.620603 -0.754518
238.473953 -175.416888 1.015470 -0.154590 -0.146536 0.758497 -0.615883
166.883046 -198.107558 1.002613 -0.208787 -0.035954 0.969189 -0.125652
91.862326 -197.838626 1.111912 -0.212663 -0.009732 0.977075 0.001776
26.389829 -161.171195 0.836600 0.165861 -0.137278 -0.764519 -0.607582
19.785066 -86.445767 0.458060 -0.148254 0.154704 0.684824 0.696494
