1 230.68103589873851 -44.31211070636393 1.144659561291264
2 238.7131246839251 -96.64269481386457 1.288042383179778
3 222.35768154689245 -3.4907599772725786 4.0063863056046625
4 240.0990314906064 -2.348274117612821 4.250631055072488
5 15.386549071560324 -7.5513142435639224 2.7673268111669103
6 5.816451898591529 -1.3472046747817097 -0.06582336585633934
7 11.951766627797738 -0.8995556321703301 -0.02064398309394561
8 19.38555315894889 -0.2902764410313355 0.07112298082493589
9 27.735903925237146 -12.358095755269776 2.7733587634273227
10 26.216419663213813 0.1851053781838207 0.20691086256254917
11 33.53516136658075 0.80016117549663 0.2977451723871884
12 39.972304024724394 -14.0120590114171 2.9251305335027227
13 14.294684920050457 -6.968520517563775 0.09318480687810243
14 69.83532194748088 -6.769427680042674 3.447106849298307
15 85.34026009055916 -5.542959551075529 3.504265047769592
16 96.9746810261122 -13.15283507213337 0.49460051388581544
17 127.45986530321586 -8.45381170381393 3.564182122493299
18 143.13223465617307 -7.481594905575511 3.5765293008034225
19 160.93903837040065 -5.417876708063418 3.1498051055095075
20 170.2650195128199 -4.545286556173199 3.4361978773921322
21 23.276852491744652 -51.53159851366012 2.2924203407621992
22 85.56486688332262 -45.689465963204384 3.210885399368446
23 235.87448032652713 -36.07856700977714 1.2222711848734629
24 243.4456181047332 -36.39938104269887 1.316473172170353
25 249.78110067931755 -36.66366662882589 1.3183232712116386
26 256.5720407988144 -37.00291273500723 1.3408104014729159
27 263.68193164254654 -37.3430767783193 1.4858122771307536
28 224.56966928654487 -37.2223781500097 3.494614132144861
29 221.58038774190786 -54.88817083754564 3.5105593467867706
30 205.23977125482588 -48.05315259949558 3.9456611336579197
31 234.55826153925364 -77.51743711520984 0.996076026146526
32 223.2395322861409 -91.3110207143267 3.288971425508009
33 212.15213728255694 -86.74640803059683 3.4013807739236
34 237.0656902197489 -89.17690736652821 0.9742815577190383
35 227.24709617128428 -105.84752363318522 3.369575812913993
36 230.13944945530423 -117.26694826951436 3.384444609105844
37 233.16675617633211 -136.24372521665202 3.3251636581014825
38 231.68089947562513 -155.69358043245802 3.3876327211241666
39 235.38584027946192 -174.60570005023538 3.3775595213378558
40 259.69282859675735 -182.1381697282254 3.5631992833882737
41 227.87300786205748 -188.3486373726525 3.320913470315331
42 203.41142085601192 -192.1053232504698 3.218193624243939
43 194.8376674199148 -186.62610648091302 8.051372116175706
44 203.36301427089134 -185.9700331460813 8.20160431815755
45 186.3349373109879 -187.1470223703692 8.267533748380599
46 177.7895425502144 -187.68683171923095 8.091788221552065
47 188.01274046222593 -193.97430365225046 3.3500979641436888
48 165.37184650655922 -196.2990381478624 3.3609063983853233
49 211.8803841629666 -185.14591782989254 8.130117954299395
50 133.40396062247547 -201.0925433546188 2.8067055589765766
51 146.4433619420133 -192.46591786939047 3.326418645981058
52 137.71802347283412 -192.73236540461042 3.3185973286802786
53 123.60739479927099 -202.29876003855242 3.705214988726487
54 104.16945468361375 -207.700680350633 3.720573034554036
55 106.4887815994952 -193.2525478697612 8.226853880207589
56 109.37186444290666 -202.56585459396382 0.959864036541929
57 89.32930365597905 -194.7571777718232 8.225404557486915
58 99.48627376489392 -198.866493128283 1.0259943640010794
59 91.30645106591595 -199.47108705141923 0.9738572558615656
60 84.68957082421606 -211.78709484070936 3.6289243929729755
61 72.2679079469832 -195.93034949507685 8.268120825707046
62 80.77044965652945 -195.44184174893243 8.048416348997717
63 97.980086632349 -194.06092337307103 8.150019542712732
64 46.687431416944264 -201.98451573452965 3.6836788060556387
65 33.41161193330339 -185.79686727770104 3.2643200779117154
66 46.8608456276039 -176.6168691361318 3.395637345695039
67 29.923561371819307 -168.7156342194037 3.2051781116280766
68 28.041227612717627 -151.39198176226182 3.086630770708869
69 39.38686120025267 -158.42891566853632 3.237282936611319
70 26.205636609870048 -127.86698248183333 3.0912890522034924
71 24.89772683282429 -108.29372268906997 2.9645039512602063
72 23.760722558935367 -93.01443072550751 2.7813997216141395
73 22.52625020345052 -73.04962615966797 2.7908645073572793
74 206.3346702751003 -17.774032129189294 8.03799583109088
75 229.45259273629037 -18.295249187657216 8.538917532227563
76 254.47037752095602 -19.204212684210983 8.678770512335067
77 273.9717921979153 -20.039092419930288 8.941138555300675
78 78.08167387454624 -21.89518773840345 7.7289675682423935
79 103.82944541881422 -22.42213633139582 7.676788693918687
80 130.71793891953072 -20.649843345705534 7.993429290737186
81 155.45953103292214 -19.391753955819517 8.053583647753465
82 182.42518817010634 -18.262786812768876 7.988877494080977
83 36.44753541801632 -27.27031757823987 7.271047608444289
84 17.447521727682847 -28.82559399790856 7.367298900411778
85 60.35265389320067 -25.677857854178583 7.445842931156826
86 -0.6478965282440186 8.698932011922201 2.053664445877075
87 246.17567652011505 -226.17220039311232 1.8579957550311361
88 258.30124901784046 -224.56121631907897 1.890847533982971
89 73.71407694241037 -248.61050209708992 2.359300800248276
90 61.40117638376299 -250.18214438847468 2.363425176055331
91 86.0872093108786 -247.0428709935775 2.3576753058477586
92 98.38654859632537 -245.44200022666703 2.4407148409031185
93 49.30267040598202 -251.8539855141661 2.377094516803825
94 36.99264125714148 -253.5757861773745 2.5163619384397005
95 24.705435574130977 -255.07068060363707 2.494837394215063
96 12.62534581059995 -256.68620632005775 2.6416499925696333
97 196.9320912504401 -232.5620099723936 2.01540988385251
98 184.80911206345664 -234.10834645251302 2.0682468447606013
