-0.017527 0.004135 0.005813 -0.007301 0.215482 0.001368 0.976480
0.809955 -0.026794 0.005511 0.002549 0.214975 -0.031340 0.976113
1.666651 -0.074118 0.000985 0.001325 0.212292 -0.030050 0.976743
2.529673 -0.108786 0.004874 0.001921 0.211497 -0.027243 0.976997
3.375402 -0.143258 -0.002923 -0.003074 0.220818 -0.030930 0.974820
4.201023 -0.165745 -0.014108 -0.006910 0.221992 -0.003589 0.975017
5.028433 -0.206657 -0.026042 -0.001182 0.221867 -0.022583 0.974815
5.846954 -0.212032 -0.034964 -0.012044 0.219138 0.026754 0.975253
6.651290 -0.083763 -0.036542 -0.032336 0.213600 0.115703 0.969506
7.412530 0.298820 -0.040598 -0.073588 0.207828 0.298006 0.928754
8.089739 0.788428 -0.047612 -0.075844 0.201788 0.294991 0.930865
8.788781 1.231967 -0.107648 -0.076322 0.248472 0.278228 0.924676
9.443406 1.690951 -0.161365 -0.072773 0.232772 0.285814 0.926732
10.112255 2.190254 -0.204765 -0.077581 0.229464 0.303361 0.921574
10.753870 2.704090 -0.244232 -0.079238 0.224750 0.308556 0.920870
11.419743 3.227440 -0.291212 -0.082767 0.221347 0.311908 0.920255
12.052297 3.738591 -0.321363 -0.089569 0.219559 0.339223 0.910329
12.625857 4.307751 -0.350823 -0.094113 0.212187 0.382768 0.894208
13.179484 4.962729 -0.383530 -0.105095 0.208623 0.430272 0.871950
13.655774 5.633194 -0.412736 -0.099092 0.199897 0.412114 0.883394
14.169481 6.261539 -0.430355 -0.100837 0.200731 0.418909 0.879803
14.712833 6.938404 -0.471563 -0.103336 0.213168 0.413702 0.879051
15.224007 7.560521 -0.484464 -0.098948 0.198637 0.409280 0.885010
15.742227 8.184759 -0.491568 -0.099049 0.201298 0.406009 0.885904
16.289545 8.850364 -0.511924 -0.098244 0.200673 0.409458 0.884546
16.848449 9.503628 -0.528115 -0.098669 0.199833 0.416504 0.881394
17.355591 10.142703 -0.532918 -0.099904 0.190093 0.449084 0.867299
17.769176 10.834038 -0.567899 -0.126789 0.207974 0.485725 0.839490
18.115085 11.585541 -0.587753 -0.126680 0.191446 0.520428 0.822469
18.478120 12.354479 -0.608572 -0.125916 0.190136 0.512897 0.827605
18.816448 13.102079 -0.621831 -0.122936 0.188109 0.516336 0.826377
19.185608 13.812386 -0.639843 -0.121416 0.187957 0.511680 0.829526
19.531813 14.580658 -0.662640 -0.127107 0.186275 0.539014 0.811547
19.847677 15.379145 -0.681781 -0.129000 0.186355 0.543478 0.808247
20.173241 16.170009 -0.694181 -0.124178 0.179978 0.541544 0.811738
20.460114 16.951883 -0.708228 -0.129057 0.176905 0.540829 0.812129
20.776552 17.737692 -0.723596 -0.127248 0.180916 0.544231 0.809252
21.047850 18.497893 -0.730001 -0.131234 0.172984 0.577138 0.787252
21.245929 19.353158 -0.745094 -0.134876 0.170008 0.603610 0.767177
21.412264 20.142840 -0.757312 -0.139740 0.172629 0.617876 0.754255
21.554468 20.956353 -0.763333 -0.139437 0.161732 0.632877 0.744223
21.695047 21.755304 -0.764393 -0.140588 0.165862 0.631753 0.744051
21.811598 22.572464 -0.763879 -0.134936 0.162152 0.630769 0.746746
21.953461 23.435097 -0.755544 -0.131105 0.158211 0.628732 0.749985
22.088934 24.261694 -0.750927 -0.137453 0.167395 0.625003 0.749972
22.225373 25.061051 -0.756937 -0.137453 0.163921 0.633964 0.743187
22.333063 25.885898 -0.738537 -0.139333 0.151857 0.654781 0.727178
22.398721 26.714713 -0.728451 -0.136961 0.152146 0.656324 0.726176
22.481301 27.570000 -0.735652 -0.144982 0.157890 0.655901 0.723771
22.574502 28.447542 -0.716888 -0.138399 0.154691 0.654104 0.727368
22.647649 29.253461 -0.711330 -0.142288 0.152663 0.658489 0.723077
22.728823 30.091034 -0.702250 -0.138520 0.151202 0.656807 0.725641
22.778790 30.934592 -0.705066 -0.144175 0.150588 0.673180 0.709483
22.770796 31.749363 -0.686330 -0.148842 0.143663 0.698620 0.684936
22.770093 32.571089 -0.683587 -0.146587 0.145757 0.692913 0.690753
22.740029 33.419933 -0.678065 -0.148866 0.146336 0.689054 0.693995
22.771523 34.234906 -0.666466 -0.142445 0.147515 0.664412 0.718683
22.834079 35.075551 -0.647834 -0.138382 0.147249 0.662367 0.721414
22.918561 35.912347 -0.630509 -0.142207 0.151178 0.662625 0.719618
22.952864 36.732815 -0.642249 -0.147817 0.152489 0.667147 0.714012
23.001680 37.554516 -0.635895 -0.145006 0.148953 0.670287 0.712392
23.042197 38.406903 -0.620671 -0.149588 0.154120 0.669463 0.711119
23.082632 39.283978 -0.623613 -0.144778 0.150684 0.671435 0.710992
23.134570 40.109240 -0.606936 -0.143239 0.149325 0.670575 0.712400
23.157202 40.973139 -0.609587 -0.144661 0.148658 0.673867 0.709139
23.211449 41.837046 -0.600760 -0.140739 0.154435 0.663105 0.718773
23.263825 42.655817 -0.591049 -0.138303 0.153976 0.670222 0.712717
23.301047 43.485970 -0.575378 -0.143304 0.154598 0.677673 0.704502
23.323327 44.287731 -0.558615 -0.144252 0.150646 0.681622 0.701348
23.351871 45.105783 -0.565003 -0.144819 0.153513 0.678381 0.703748
23.366842 45.969339 -0.557123 -0.146835 0.150609 0.687475 0.695079
23.374395 46.814373 -0.535527 -0.141215 0.147607 0.678779 0.705358
23.375850 47.657425 -0.536370 -0.145923 0.148173 0.683057 0.700132
23.383845 48.523357 -0.519709 -0.140317 0.141951 0.685627 0.700055
23.398963 49.333784 -0.494791 -0.143089 0.145733 0.683606 0.700693
23.408749 50.151554 -0.487092 -0.142420 0.147138 0.685898 0.698291
23.408416 51.030092 -0.477547 -0.148354 0.148651 0.691205 0.691469
23.410329 51.836259 -0.481259 -0.145029 0.151577 0.680595 0.701984
23.433905 52.712131 -0.465846 -0.145834 0.150886 0.680790 0.701777
23.470007 53.513776 -0.478798 -0.144798 0.154624 0.662045 0.718903
23.516758 54.353478 -0.462863 -0.145298 0.153372 0.671448 0.710298
23.592335 55.236613 -0.453024 -0.143951 0.156267 0.649138 0.730397
23.667225 56.040107 -0.459574 -0.142096 0.152869 0.645154 0.734994
23.753600 56.859077 -0.461843 -0.143666 0.154029 0.653469 0.727058
23.856300 57.724294 -0.444940 -0.140731 0.156101 0.649051 0.731136
23.915307 58.527401 -0.459030 -0.148346 0.148695 0.687822 0.694827
23.938851 59.397587 -0.444228 -0.143274 0.153572 0.669823 0.712197
24.038385 60.229475 -0.440877 -0.134612 0.164833 0.613392 0.760565
24.227526 61.021055 -0.441032 -0.127878 0.158574 0.594143 0.778136
24.420971 61.820505 -0.432833 -0.135011 0.159326 0.606909 0.766843
24.564714 62.622593 -0.429301 -0.136295 0.158458 0.617924 0.757948
24.699968 63.412604 -0.418155 -0.138853 0.156108 0.617553 0.758273
24.864165 64.214981 -0.402781 -0.134894 0.154812 0.618925 0.758135
24.996244 65.004135 -0.406338 -0.137441 0.155964 0.623575 0.753617
25.150800 65.812839 -0.372270 -0.133015 0.151382 0.623281 0.755587
25.280935 66.616261 -0.385460 -0.144564 0.163757 0.620002 0.753580
25.452630 67.497350 -0.367387 -0.134441 0.157361 0.613405 0.762167
25.607258 68.346035 -0.356637 -0.139113 0.155509 0.621608 0.755029
25.745937 69.176138 -0.334126 -0.135168 0.152531 0.618091 0.759228
25.892981 70.036294 -0.333454 -0.141636 0.155622 0.630566 0.747065
26.028949 70.879788 -0.327371 -0.139152 0.153644 0.626417 0.751420
26.192250 71.765223 -0.300623 -0.134809 0.152517 0.621963 0.756127
26.327989 72.592205 -0.301202 -0.133207 0.149853 0.618329 0.759914
26.499520 73.419342 -0.239980 -0.127766 0.148631 0.617469 0.761785
26.707068 74.297321 -0.243569 -0.120586 0.157607 0.592241 0.780942
26.926113 75.096478 -0.189721 -0.116717 0.152852 0.584260 0.788450
27.148971 75.912230 -0.145699 -0.117245 0.149480 0.585554 0.788058
27.380546 76.711739 -0.110835 -0.124491 0.150831 0.582893 0.788662
27.628818 77.541134 -0.101935 -0.128232 0.156139 0.576771 0.791525
27.865317 78.325776 -0.087455 -0.125293 0.164018 0.562883 0.800351
28.137101 79.104942 -0.077375 -0.133114 0.174703 0.561487 0.797804
28.405691 79.949213 -0.081864 -0.129031 0.168640 0.563766 0.798173
28.712428 80.775585 -0.074873 -0.118324 0.170443 0.532318 0.820723
29.062159 81.511164 -0.083344 -0.116202 0.177189 0.499778 0.839835
29.437084 82.232071 -0.069766 -0.116520 0.179456 0.503102 0.837321
29.823145 82.974862 -0.053334 -0.113480 0.174606 0.503828 0.838327
30.194691 83.708013 -0.051049 -0.115587 0.177387 0.509341 0.834113
30.535645 84.434159 -0.048791 -0.121511 0.173069 0.533948 0.818646
30.821778 85.200156 -0.055245 -0.126568 0.176182 0.537391 0.814955
31.208200 85.908379 -0.048979 -0.103868 0.178463 0.446977 0.870387
31.619198 86.598020 -0.041807 -0.127586 0.166665 0.556982 0.803564
31.680271 87.399390 -0.034721 -0.172742 0.130255 0.741481 0.635137
31.391220 88.147247 -0.036943 -0.182437 0.106141 0.817118 0.536441
31.092402 88.898383 -0.040005 -0.183565 0.112761 0.807197 0.549566
30.694575 89.654050 -0.041538 -0.190250 0.082853 0.884663 0.417507
30.011615 90.160899 -0.033908 -0.209942 0.034848 0.955580 0.203902
29.168716 90.136973 -0.033178 -0.205984 -0.043494 0.963704 -0.164173
28.524805 89.658364 -0.036056 -0.191710 -0.096911 0.888249 -0.406041
27.948957 88.999425 -0.029920 -0.192266 -0.094506 0.891771 -0.398555
27.377894 88.348037 -0.029458 -0.186011 -0.097226 0.885579 -0.414362
26.883756 87.694053 -0.027561 -0.183433 -0.105297 0.873806 -0.437868
26.427802 86.980903 -0.024136 -0.176858 -0.117693 0.846656 -0.487897
26.051119 86.247017 -0.024768 -0.173976 -0.113453 0.849433 -0.485103
25.624951 85.513512 -0.008881 -0.179799 -0.109939 0.862146 -0.460749
25.075944 84.889789 -0.005931 -0.196637 -0.086605 0.909188 -0.356665
24.446491 84.341355 -0.008061 -0.193676 -0.078913 0.924210 -0.319528
23.771518 83.844842 -0.002161 -0.193970 -0.060179 0.944024 -0.259949
23.013528 83.527381 -0.009385 -0.225383 -0.030173 0.960217 -0.162096
22.244433 83.273156 -0.040677 -0.227480 -0.029646 0.960678 -0.156437
21.452303 82.976676 -0.030507 -0.212416 -0.041170 0.962547 -0.163361
20.637792 82.728544 -0.068155 -0.204707 -0.034088 0.968534 -0.137384
19.833786 82.463855 -0.051941 -0.206735 -0.037866 0.967840 -0.138249
18.982402 82.215498 -0.037097 -0.201243 -0.035788 0.969646 -0.134189
18.130924 81.991738 -0.025354 -0.204791 -0.031913 0.972034 -0.110419
17.346182 81.776368 -0.029177 -0.207631 -0.031217 0.971572 -0.109373
16.501489 81.581195 -0.039581 -0.216115 -0.026842 0.971294 -0.095714
15.677313 81.449612 -0.040403 -0.217855 -0.015858 0.974605 -0.049324
14.889247 81.264972 -0.041506 -0.208278 -0.045956 0.957537 -0.193990
14.183485 80.765660 -0.037210 -0.196647 -0.083126 0.906792 -0.363523
13.687384 80.041195 -0.037298 -0.173822 -0.121771 0.819885 -0.531739
13.498807 79.263064 -0.015835 -0.147775 -0.149773 0.724669 -0.656190
13.546898 78.461411 -0.031836 -0.133729 -0.159343 0.652478 -0.728697
13.562484 77.633810 -0.029277 -0.150871 -0.147306 0.710837 -0.671007
13.445642 76.771337 -0.031016 -0.161140 -0.137261 0.756282 -0.619057
13.329211 75.957954 -0.022382 -0.158115 -0.144524 0.728058 -0.651186
13.202463 75.140837 -0.042766 -0.160025 -0.138493 0.749649 -0.627088
13.083384 74.323223 -0.010485 -0.160127 -0.140477 0.745025 -0.632110
12.956257 73.488960 -0.014729 -0.159301 -0.140052 0.740959 -0.637172
12.843262 72.653221 -0.018554 -0.156304 -0.138749 0.741088 -0.638049
12.734084 71.818644 -0.008061 -0.157814 -0.141522 0.740878 -0.637312
12.615458 70.982696 -0.006389 -0.156526 -0.142624 0.739482 -0.639003
12.496597 70.124881 -0.011685 -0.159322 -0.145144 0.739351 -0.637894
12.395182 69.296362 -0.009971 -0.158846 -0.145808 0.738520 -0.638823
12.314599 68.478683 -0.018971 -0.161405 -0.147707 0.741296 -0.634516
12.181643 67.609322 -0.025510 -0.157624 -0.144564 0.737309 -0.640805
12.085654 66.781516 -0.039287 -0.159598 -0.146615 0.733273 -0.644471
11.987288 65.921846 -0.043302 -0.160331 -0.147007 0.733419 -0.644034
11.890491 65.105099 -0.044310 -0.156420 -0.141804 0.735107 -0.644237
11.789111 64.272708 -0.038572 -0.156339 -0.143991 0.733209 -0.645933
11.698142 63.439994 -0.057608 -0.157835 -0.142757 0.732069 -0.647136
11.617954 62.600473 -0.017442 -0.152474 -0.147190 0.723524 -0.656962
11.552444 61.738376 -0.045951 -0.150919 -0.147767 0.723577 -0.657134
11.476862 60.906524 -0.038843 -0.156414 -0.149832 0.723670 -0.655276
11.410636 60.070162 -0.043331 -0.155287 -0.146644 0.719145 -0.661221
11.337965 59.196290 -0.059935 -0.155595 -0.146815 0.718964 -0.661307
11.285397 58.373856 -0.052216 -0.155505 -0.149433 0.718506 -0.661239
11.224556 57.528571 -0.055931 -0.156477 -0.145655 0.725171 -0.654543
11.149991 56.705162 -0.057503 -0.156515 -0.145654 0.722933 -0.657005
11.078351 55.862133 -0.062398 -0.156307 -0.146370 0.721555 -0.658409
11.030753 55.045402 -0.064529 -0.154480 -0.147319 0.715358 -0.665354
10.969149 54.237536 -0.068490 -0.159706 -0.144504 0.719918 -0.659796
10.917091 53.423976 -0.066942 -0.154430 -0.146267 0.716158 -0.664737
10.857344 52.556881 -0.053869 -0.157125 -0.140338 0.730447 -0.649664
10.713745 51.726750 -0.058798 -0.166582 -0.138746 0.754870 -0.619008
10.570444 50.882223 -0.059535 -0.166000 -0.138107 0.752721 -0.621918
10.416349 50.013173 -0.067417 -0.161978 -0.130507 0.745909 -0.632733
10.295605 49.182092 -0.064901 -0.163933 -0.138029 0.740980 -0.636414
10.174807 48.362239 -0.076971 -0.162169 -0.136417 0.739159 -0.639325
10.065810 47.504028 -0.079404 -0.162139 -0.140672 0.739033 -0.638555
9.944664 46.636780 -0.073773 -0.158888 -0.144878 0.731264 -0.647316
9.867702 45.827172 -0.085414 -0.161383 -0.142104 0.740285 -0.636977
9.758163 44.967324 -0.076664 -0.161665 -0.143062 0.735514 -0.642196
9.660092 44.130973 -0.095597 -0.156581 -0.141918 0.731887 -0.647830
9.575562 43.288583 -0.089445 -0.157900 -0.144853 0.730044 -0.648938
9.483340 42.458541 -0.098168 -0.158866 -0.143689 0.730094 -0.648904
9.401013 41.620905 -0.095600 -0.158606 -0.147610 0.722148 -0.656930
9.322909 40.771687 -0.098953 -0.158952 -0.147365 0.723476 -0.655439
9.236631 39.905430 -0.104339 -0.156301 -0.145688 0.724044 -0.655824
9.185319 39.085221 -0.101313 -0.154535 -0.147610 0.724629 -0.655166
9.105690 38.242452 -0.103841 -0.155059 -0.143878 0.724358 -0.656172
9.041261 37.387600 -0.105536 -0.154109 -0.146958 0.722244 -0.658040
8.952339 36.555369 -0.103871 -0.157215 -0.145056 0.722552 -0.657389
8.887262 35.655512 -0.110086 -0.157072 -0.147751 0.721963 -0.657471
8.840885 34.818405 -0.113262 -0.152346 -0.147347 0.715175 -0.666036
8.776264 33.992842 -0.107274 -0.154026 -0.146415 0.719450 -0.661234
8.725420 33.142184 -0.121750 -0.153885 -0.147829 0.714287 -0.666528
8.684796 32.343126 -0.120394 -0.152497 -0.151296 0.705713 -0.675147
8.668313 31.491624 -0.123181 -0.151711 -0.147976 0.715550 -0.665639
8.613976 30.647452 -0.123905 -0.152762 -0.148212 0.712852 -0.668236
8.566740 29.803061 -0.120869 -0.149287 -0.147908 0.711002 -0.671053
8.534666 28.953464 -0.120055 -0.153029 -0.148573 0.707732 -0.673516
8.506313 28.102859 -0.113166 -0.148257 -0.147922 0.706151 -0.676380
8.483273 27.277211 -0.118481 -0.148536 -0.150708 0.704891 -0.677018
8.476699 26.421680 -0.122085 -0.152596 -0.151878 0.703113 -0.677702
8.434740 25.579497 -0.122456 -0.150637 -0.149161 0.706117 -0.675617
8.406228 24.745138 -0.129508 -0.154699 -0.148181 0.724986 -0.654604
8.269866 23.926998 -0.118888 -0.165129 -0.134550 0.779517 -0.589052
8.050598 23.131671 -0.113845 -0.167171 -0.130126 0.783893 -0.583638
7.767281 22.298830 -0.144745 -0.173701 -0.126786 0.806486 -0.550757
7.461515 21.544159 -0.119255 -0.173622 -0.122496 0.814933 -0.539199
7.207310 20.769311 -0.114567 -0.153627 -0.147521 0.724472 -0.655574
7.444089 19.977669 -0.111096 -0.068601 -0.202905 0.344621 -0.913980
8.199878 20.381617 -0.119107 0.088374 -0.193892 -0.352630 -0.911180
8.718768 21.007243 -0.119213 0.115192 -0.183741 -0.474806 -0.852953
9.022141 21.821881 -0.121713 0.136914 -0.156012 -0.600070 -0.772548
9.074559 22.690805 -0.117442 0.157303 -0.139582 -0.703604 -0.678760
9.063855 23.527937 -0.110409 0.159717 -0.146440 -0.690852 -0.689761
9.070154 24.343911 -0.115787 0.154544 -0.145049 -0.683963 -0.698048
9.065410 25.165768 -0.123819 0.158688 -0.149284 -0.685571 -0.694640
9.008761 26.023108 -0.111592 0.157272 -0.141407 -0.697180 -0.684989
9.020080 26.929010 -0.111957 0.157729 -0.141180 -0.694343 -0.687806
8.964344 27.744424 -0.092730 0.159975 -0.136388 -0.713204 -0.668690
8.784011 28.567817 -0.108687 0.179447 -0.115192 -0.792873 -0.570861
8.556199 29.379014 -0.112990 0.175828 -0.121424 -0.767519 -0.604364
8.361005 30.214253 -0.110723 0.167867 -0.134289 -0.739671 -0.637710
8.237826 31.057354 -0.120187 0.167018 -0.136917 -0.733326 -0.644664
8.116565 31.883409 -0.116073 0.164356 -0.134388 -0.737901 -0.640647
8.014607 32.721516 -0.112572 0.158482 -0.141183 -0.687250 -0.694722
8.033713 33.568771 -0.111107 0.154301 -0.144200 -0.679913 -0.702222
8.042561 34.419710 -0.106236 0.150365 -0.144271 -0.676043 -0.706783
8.090711 35.268927 -0.112951 0.151761 -0.150123 -0.663012 -0.717528
8.133520 36.114885 -0.104610 0.153092 -0.147430 -0.666684 -0.714394
8.183307 36.929695 -0.102258 0.152086 -0.145921 -0.667042 -0.714585
8.245080 37.761867 -0.103922 0.146809 -0.152773 -0.644701 -0.734485
8.330734 38.584210 -0.114784 0.151375 -0.151320 -0.648957 -0.730098
8.419821 39.424551 -0.104491 0.150181 -0.152076 -0.641613 -0.736649
8.478741 40.228020 -0.113136 0.150636 -0.148224 -0.649974 -0.729981
8.594984 41.104324 -0.108865 0.146555 -0.149597 -0.636916 -0.741944
8.702706 41.929539 -0.110605 0.146179 -0.150093 -0.637991 -0.740994
8.815508 42.778924 -0.105615 0.145201 -0.150612 -0.635921 -0.742857
8.918502 43.614989 -0.098175 0.146555 -0.150318 -0.633382 -0.744818
9.055554 44.456523 -0.095136 0.145274 -0.152136 -0.618330 -0.757244
9.202830 45.320737 -0.096597 0.144020 -0.152252 -0.616567 -0.758896
9.352866 46.153289 -0.079583 0.150168 -0.149926 -0.629764 -0.747241
9.453516 46.960279 -0.084645 0.149467 -0.151633 -0.626027 -0.750171
9.604641 47.807243 -0.076549 0.145347 -0.154530 -0.614743 -0.759661
9.771848 48.631007 -0.081805 0.147002 -0.155666 -0.611992 -0.761331
9.939980 49.457676 -0.070938 0.145035 -0.155257 -0.610511 -0.762979
10.097846 50.289161 -0.074958 0.144585 -0.154640 -0.608900 -0.764475
10.284774 51.108183 -0.066831 0.142244 -0.156761 -0.607111 -0.765904
10.412814 51.929873 -0.047990 0.148027 -0.154545 -0.644082 -0.734413
10.507778 52.773928 -0.066758 0.149366 -0.154976 -0.638004 -0.739340
10.616517 53.624495 -0.059008 0.150265 -0.152617 -0.642113 -0.736084
10.696942 54.435395 -0.065401 0.152244 -0.151485 -0.642575 -0.735507
10.806754 55.313124 -0.062617 0.147935 -0.150743 -0.640395 -0.738435
10.891952 56.108834 -0.054656 0.150653 -0.154426 -0.634809 -0.741939
11.039912 56.981990 -0.057648 0.147865 -0.153108 -0.636749 -0.741110
11.132284 57.779494 -0.044221 0.146646 -0.154796 -0.638271 -0.739691
11.254282 58.639347 -0.058774 0.144633 -0.152711 -0.639567 -0.739401
11.364710 59.486623 -0.041008 0.144561 -0.152764 -0.640593 -0.738516
11.453898 60.327620 -0.047576 0.151266 -0.155271 -0.638494 -0.738468
11.554549 61.152353 -0.041327 0.143264 -0.152579 -0.644898 -0.735052
11.653133 62.017495 -0.046601 0.148945 -0.158928 -0.643674 -0.733649
11.743694 62.845922 -0.044096 0.151063 -0.157672 -0.643192 -0.733909
11.835982 63.691493 -0.045448 0.146267 -0.156140 -0.642420 -0.735883
11.955131 64.536496 -0.055065 0.146734 -0.154358 -0.638907 -0.739216
12.051847 65.376046 -0.068547 0.143644 -0.149257 -0.640755 -0.739271
12.160304 66.188262 -0.032419 0.147141 -0.154354 -0.634656 -0.742789
12.279161 67.026039 -0.027707 0.142827 -0.151791 -0.636819 -0.742308
12.372418 67.821116 -0.020033 0.148280 -0.145280 -0.670574 -0.712206
12.452202 68.633133 -0.014747 0.144369 -0.152721 -0.650113 -0.730197
12.534405 69.455298 -0.008643 0.142704 -0.154090 -0.641584 -0.737741
12.631649 70.334129 -0.000320 0.145053 -0.154019 -0.643691 -0.735459
12.732364 71.147689 -0.004072 0.144941 -0.151318 -0.644049 -0.735728
12.831049 71.983594 -0.009696 0.148074 -0.154364 -0.637853 -0.739858
12.945852 72.840837 -0.012335 0.149729 -0.154247 -0.637994 -0.739427
13.054034 73.677695 -0.013801 0.149167 -0.156666 -0.635270 -0.741375
13.178249 74.522580 -0.016890 0.147325 -0.156182 -0.631894 -0.744723
13.271572 75.318133 -0.011129 0.154893 -0.153132 -0.652431 -0.725874
13.374851 76.187444 -0.026058 0.145533 -0.154357 -0.635409 -0.742462
13.507722 77.028935 -0.025325 0.142601 -0.158171 -0.611185 -0.762299
13.688922 77.826552 -0.026176 0.141181 -0.161011 -0.604995 -0.766893
13.867510 78.684562 -0.022764 0.141789 -0.160995 -0.610528 -0.762386
14.040115 79.503590 -0.032391 0.143196 -0.161947 -0.609165 -0.763011
14.205838 80.326500 -0.026643 0.140228 -0.159998 -0.610347 -0.763029
14.378967 81.142802 -0.022527 0.136646 -0.161616 -0.606338 -0.766526
14.572551 81.969284 -0.021505 0.144754 -0.166141 -0.599912 -0.769122
14.753699 82.779712 -0.036221 0.142036 -0.162848 -0.598253 -0.771621
14.920559 83.630858 -0.032547 0.145392 -0.157357 -0.611091 -0.762015
15.067866 84.479439 -0.035517 0.146564 -0.160985 -0.604379 -0.766374
15.253893 85.303661 -0.038789 0.141164 -0.160305 -0.602002 -0.769395
15.441477 86.131147 -0.045769 0.143019 -0.161408 -0.601549 -0.769176
15.624088 86.968065 -0.050167 0.140785 -0.162180 -0.599528 -0.771002
15.816548 87.786487 -0.025449 0.144394 -0.161860 -0.600197 -0.769880
16.005101 88.621923 -0.057538 0.140953 -0.159645 -0.598544 -0.772263
16.199019 89.421480 -0.058806 0.138502 -0.162806 -0.595849 -0.774128
16.415226 90.234962 -0.056817 0.139131 -0.165830 -0.589556 -0.778182
16.617527 91.077991 -0.064515 0.142018 -0.168720 -0.591113 -0.775854
16.834505 91.890777 -0.075100 0.140371 -0.162742 -0.593537 -0.775580
17.029706 92.719307 -0.075782 0.144016 -0.163096 -0.593433 -0.774917
17.224396 93.566103 -0.090597 0.148612 -0.156976 -0.609348 -0.762868
17.409682 94.416181 -0.079147 0.142107 -0.164867 -0.591504 -0.776368
17.621598 95.240555 -0.080906 0.143529 -0.164324 -0.589556 -0.777702
17.828153 96.074436 -0.073551 0.139352 -0.163709 -0.588450 -0.779428
18.061834 96.881808 -0.086930 0.135936 -0.163715 -0.587442 -0.780789
18.271111 97.691068 -0.081353 0.136904 -0.166200 -0.588153 -0.779558
18.493781 98.524997 -0.085284 0.134274 -0.163543 -0.590540 -0.778772
18.698650 99.344898 -0.078723 0.141531 -0.165774 -0.597002 -0.772060
18.889000 100.163985 -0.079132 0.142231 -0.161819 -0.617244 -0.756700
19.019902 100.996815 -0.084291 0.143312 -0.157671 -0.629896 -0.746882
19.156618 101.840598 -0.084148 0.148686 -0.163523 -0.634823 -0.740373
19.260287 102.679714 -0.081480 0.144907 -0.159730 -0.633335 -0.743219
19.390528 103.500667 -0.089021 0.146511 -0.159652 -0.635731 -0.740873
19.515160 104.336764 -0.090457 0.144485 -0.160555 -0.632937 -0.743462
19.624854 105.140970 -0.101210 0.151523 -0.161908 -0.637875 -0.737524
19.712732 105.950185 -0.110393 0.155937 -0.155145 -0.662268 -0.716250
19.820594 106.758841 -0.121741 0.145243 -0.164447 -0.620535 -0.752860
19.964791 107.600088 -0.136594 0.145680 -0.161120 -0.622888 -0.751550
20.105617 108.443457 -0.138269 0.146608 -0.159789 -0.625559 -0.749433
20.257905 109.269092 -0.140811 0.141810 -0.163082 -0.608479 -0.763576
20.441896 110.093366 -0.148550 0.142189 -0.163899 -0.600153 -0.769893
20.597733 110.923488 -0.157725 0.140264 -0.164408 -0.597398 -0.772277
20.902366 111.702280 -0.162154 0.119895 -0.183088 -0.486471 -0.845843
21.451565 112.401691 -0.166308 0.085507 -0.197228 -0.337868 -0.916316
22.183310 112.869553 -0.164820 0.053747 -0.207807 -0.180254 -0.959915
22.995143 113.088383 -0.165116 0.023594 -0.208819 -0.037303 -0.976958
23.806184 113.037245 -0.167132 -0.010642 -0.211086 0.106812 -0.971556
24.632973 112.735898 -0.166193 -0.042453 -0.212023 0.250500 -0.943660
25.313270 112.224069 -0.168702 -0.072869 -0.203309 0.387597 -0.896172
25.808760 111.562503 -0.184197 -0.096870 -0.192802 0.507108 -0.834437
26.137658 110.769819 -0.172918 -0.119755 -0.171828 0.616521 -0.758970
26.200822 109.933737 -0.177855 -0.142266 -0.151982 0.708541 -0.674264
26.127410 109.084010 -0.169390 -0.147866 -0.147727 0.730106 -0.650583
26.046570 108.227155 -0.159538 -0.148844 -0.150105 0.727150 -0.653121
25.965315 107.350178 -0.152339 -0.149390 -0.148985 0.726846 -0.653591
25.901747 106.514777 -0.151034 -0.146959 -0.148887 0.722490 -0.658972
25.840595 105.650364 -0.145762 -0.148183 -0.149817 0.719968 -0.661244
25.790181 104.809243 -0.143364 -0.143295 -0.152601 0.705475 -0.677115
25.734677 103.947128 -0.136858 -0.154087 -0.139497 0.759132 -0.616860
25.470821 103.135068 -0.128430 -0.170011 -0.120172 0.825107 -0.525217
25.135459 102.368152 -0.123379 -0.169622 -0.124399 0.818333 -0.534869
24.809216 101.600427 -0.119324 -0.171238 -0.123209 0.817919 -0.535262
24.487157 100.813536 -0.112948 -0.172756 -0.123157 0.825886 -0.522399
24.127420 100.031154 -0.112512 -0.168047 -0.125646 0.819235 -0.533692
23.825025 99.275441 -0.102795 -0.169348 -0.127066 0.819822 -0.532040
23.509438 98.489814 -0.103838 -0.166732 -0.127353 0.821721 -0.529864
23.156294 97.697055 -0.081677 -0.168456 -0.123461 0.828673 -0.519309
22.808447 96.901377 -0.085747 -0.166415 -0.130020 0.829498 -0.517043
22.462116 96.124606 -0.075474 -0.167967 -0.125058 0.831613 -0.514361
22.091401 95.365922 -0.075928 -0.167461 -0.126391 0.828369 -0.519410
21.733432 94.598732 -0.063052 -0.169700 -0.124335 0.830166 -0.516302
21.376218 93.839343 -0.062213 -0.172547 -0.124498 0.825222 -0.523198
21.051967 93.065374 -0.058060 -0.167738 -0.126755 0.814001 -0.541480
20.750527 92.267396 -0.059264 -0.169842 -0.129359 0.816466 -0.536473
20.428368 91.490461 -0.046930 -0.171592 -0.125978 0.820594 -0.530388
20.115661 90.718328 -0.057610 -0.167931 -0.129669 0.808692 -0.548636
19.851573 89.906218 -0.050210 -0.160963 -0.137910 0.781166 -0.587240
19.683659 89.076102 -0.045459 -0.152457 -0.152837 0.737563 -0.639843
19.618705 88.245089 -0.046234 -0.146545 -0.152833 0.718045 -0.663006
19.500744 87.398639 -0.040388 -0.154669 -0.145021 0.748716 -0.628070
19.396117 86.586277 -0.040458 -0.156304 -0.145874 0.748379 -0.627869
19.316792 85.780286 -0.038523 -0.138221 -0.161743 0.673750 -0.707669
19.531100 84.966796 -0.033745 -0.108325 -0.185559 0.542206 -0.812309
19.978263 84.294407 -0.042526 -0.079254 -0.204433 0.406080 -0.887144
20.582595 83.743188 -0.056775 -0.060631 -0.207535 0.327605 -0.919743
21.304797 83.332776 -0.067833 -0.030647 -0.213415 0.198270 -0.956140
22.034109 82.927021 -0.049369 -0.056072 -0.194595 0.216446 -0.955060
22.798389 82.594991 -0.008147 -0.035635 -0.194937 0.219225 -0.955338
23.583929 82.429743 0.017879 0.037515 -0.213897 -0.145058 -0.965297
24.160676 82.998894 0.012424 0.111486 -0.181576 -0.510506 -0.833057
24.620348 83.709586 -0.011168 0.093657 -0.193274 -0.411688 -0.885656
25.143459 84.354525 -0.003888 0.098160 -0.199226 -0.426897 -0.876603
25.625368 85.018252 -0.007006 0.097177 -0.191663 -0.435046 -0.874389
26.100333 85.704500 -0.009281 0.100525 -0.186328 -0.460435 -0.862076
26.575192 86.430498 -0.015929 0.102657 -0.191264 -0.454718 -0.863777
27.033647 87.096766 -0.027524 0.103077 -0.189557 -0.462843 -0.859779
27.475412 87.782777 -0.025978 0.104575 -0.189482 -0.464999 -0.858450
27.924710 88.516326 -0.026587 0.103844 -0.189360 -0.461465 -0.860470
28.369697 89.245185 -0.033733 0.101794 -0.182350 -0.463608 -0.861077
28.855365 89.973673 -0.029904 0.101940 -0.181708 -0.466237 -0.859775
29.308890 90.704223 -0.029152 0.104472 -0.185654 -0.468038 -0.857647
29.759402 91.437656 -0.029176 0.104301 -0.181172 -0.465700 -0.859896
30.216359 92.114277 -0.023011 0.107568 -0.187264 -0.464250 -0.858972
30.658012 92.854146 -0.024224 0.105586 -0.187213 -0.467505 -0.857462
31.103439 93.560130 -0.018058 0.105173 -0.183420 -0.473714 -0.854922
31.531663 94.277226 -0.011516 0.106898 -0.181016 -0.478054 -0.852801
31.952637 94.987024 -0.013051 0.108026 -0.183003 -0.478096 -0.852211
32.384454 95.705056 -0.015418 0.107452 -0.183368 -0.470922 -0.856191
32.809899 96.394932 -0.014684 0.106511 -0.185475 -0.471887 -0.855323
33.245542 97.123524 -0.020132 0.106598 -0.187764 -0.470697 -0.855468
33.725015 97.869660 -0.021773 0.111993 -0.188600 -0.468981 -0.855538
34.183614 98.630985 -0.031353 0.102301 -0.179910 -0.469421 -0.858377
34.618332 99.370512 -0.019007 0.114515 -0.187762 -0.494220 -0.841058
35.058731 100.080708 -0.028425 0.100807 -0.191122 -0.446370 -0.868369
35.573848 100.705295 -0.028449 0.088514 -0.194201 -0.389703 -0.895870
36.158582 101.369970 -0.035421 0.092236 -0.194516 -0.404934 -0.888642
36.689457 101.992708 -0.046336 0.087998 -0.190287 -0.404081 -0.890374
37.232363 102.626996 -0.050370 0.088306 -0.194720 -0.397750 -0.892234
37.817651 103.257680 -0.044289 0.085162 -0.203707 -0.375643 -0.900080
38.380465 103.851715 -0.039901 0.083834 -0.193362 -0.390019 -0.896364
38.920228 104.454401 -0.031951 0.088558 -0.196789 -0.393732 -0.893536
39.511751 105.027611 -0.053304 0.073432 -0.208740 -0.312090 -0.923924
40.243247 105.459976 -0.054214 0.044623 -0.208589 -0.219819 -0.951934
40.974662 105.830363 -0.054728 0.047359 -0.208983 -0.215229 -0.952764
41.721538 106.206515 -0.065674 0.050170 -0.211888 -0.225197 -0.949670
42.473681 106.582146 -0.054593 0.049801 -0.218610 -0.228950 -0.947265
43.211736 106.994844 -0.043516 0.061026 -0.216324 -0.253270 -0.940922
43.909852 107.459267 -0.079212 0.062953 -0.203859 -0.274502 -0.937618
44.635865 107.918197 -0.083510 0.067467 -0.208777 -0.279635 -0.934700
45.348721 108.394922 -0.080972 0.063406 -0.207875 -0.277512 -0.935818
46.048839 108.844984 -0.080558 0.060448 -0.205596 -0.269527 -0.938846
46.754806 109.329297 -0.065311 0.061752 -0.205266 -0.272105 -0.938089
47.448669 109.810575 -0.095282 0.064147 -0.211172 -0.275311 -0.935679
48.164725 110.243002 -0.094825 0.065522 -0.210212 -0.276372 -0.935487
48.838543 110.711613 -0.099382 0.065169 -0.215428 -0.291898 -0.929591
49.549355 111.215914 -0.087473 0.065471 -0.206543 -0.293987 -0.930927
50.228053 111.693078 -0.114568 0.066795 -0.205576 -0.289719 -0.932384
50.894191 112.152135 -0.112489 0.055359 -0.208683 -0.239125 -0.946682
51.657256 112.572670 -0.112007 0.055837 -0.209836 -0.250952 -0.943331
52.394643 113.015941 -0.122644 0.058336 -0.202369 -0.259692 -0.942446
53.115604 113.455127 -0.129136 0.062993 -0.210651 -0.267287 -0.938198
53.856531 113.811665 -0.135302 0.026149 -0.217056 -0.091168 -0.971541
54.651105 113.708418 -0.128773 -0.038393 -0.212364 0.188962 -0.957977
55.351802 113.286488 -0.129923 -0.056527 -0.207880 0.259358 -0.941448
56.061581 112.860761 -0.124466 -0.051400 -0.204588 0.324369 -0.922110
56.730442 112.383414 -0.105177 -0.050657 -0.202442 0.279243 -0.937270
57.493721 112.064169 -0.103897 -0.015740 -0.211038 0.105543 -0.971636
58.318763 111.874113 -0.112234 -0.023086 -0.217079 0.108816 -0.969795
59.141352 111.675449 -0.119291 -0.028330 -0.218472 0.137776 -0.965653
59.759061 111.125194 -0.122473 -0.111536 -0.188736 0.533982 -0.816579
59.480558 110.357828 -0.129187 -0.200684 -0.070209 0.938084 -0.273485
58.671901 110.057389 -0.124421 -0.206084 -0.041698 0.966316 -0.148405
57.917880 109.753518 -0.122806 -0.206503 -0.056110 0.951553 -0.220807
57.261424 109.284856 -0.118493 -0.206832 -0.050836 0.957974 -0.192149
56.513489 108.947651 -0.113804 -0.207721 -0.049528 0.957553 -0.193627
55.764833 108.614683 -0.120146 -0.206466 -0.049853 0.957256 -0.196336
55.024950 108.306090 -0.117659 -0.208683 -0.050333 0.958272 -0.188768
54.302897 107.930353 -0.113066 -0.202293 -0.061386 0.948196 -0.237137
53.643171 107.469819 -0.107721 -0.192465 -0.082341 0.918973 -0.334165
53.095815 106.856697 -0.102033 -0.186387 -0.107630 0.864640 -0.453954
52.574042 106.243724 -0.103278 -0.199088 -0.079321 0.918869 -0.331288
51.951274 105.691576 -0.097137 -0.195960 -0.079697 0.920120 -0.329586
51.305016 105.138591 -0.085871 -0.192631 -0.076528 0.922158 -0.326590
50.663308 104.635965 -0.088375 -0.194817 -0.073679 0.926228 -0.314197
50.011740 104.097937 -0.072854 -0.193486 -0.087767 0.907051 -0.363481
49.456254 103.448730 -0.082295 -0.191066 -0.091500 0.896437 -0.389258
48.884058 102.854549 -0.075046 -0.195427 -0.091543 0.897740 -0.384046
48.332895 102.240675 -0.074690 -0.195234 -0.091702 0.895670 -0.388910
47.780945 101.628990 -0.086074 -0.194794 -0.091155 0.895569 -0.389489
47.197249 101.016724 -0.085530 -0.194573 -0.090522 0.894935 -0.391200
46.651149 100.373993 -0.089106 -0.192773 -0.089310 0.896562 -0.388637
46.109448 99.745022 -0.089128 -0.184232 -0.103307 0.865763 -0.453697
46.672734 100.333242 -0.073130 0.107822 -0.187957 -0.453192 -0.864675
47.102267 101.012416 -0.079712 0.103029 -0.187360 -0.457600 -0.863067
47.553671 101.695137 -0.070532 0.098789 -0.189041 -0.431516 -0.876526
48.087925 102.300882 -0.075337 0.089321 -0.193830 -0.373877 -0.902590
48.676232 102.902280 -0.075362 0.090601 -0.193320 -0.379804 -0.900093
49.221678 103.497701 -0.075538 0.088265 -0.195204 -0.368571 -0.904577
49.803844 104.069571 -0.073699 0.087229 -0.197164 -0.372350 -0.902703
50.403427 104.709614 -0.085048 0.087610 -0.199385 -0.372147 -0.902262
50.989245 105.288860 -0.078318 0.088213 -0.200755 -0.370533 -0.902564
51.578676 105.856014 -0.109854 0.085871 -0.202432 -0.358276 -0.907351
52.132441 106.439892 -0.101338 0.083013 -0.199037 -0.355472 -0.909468
52.745011 107.001676 -0.105114 0.089296 -0.192484 -0.394514 -0.894055
53.318170 107.568003 -0.103252 0.080203 -0.197057 -0.360896 -0.908014
53.940739 108.164735 -0.107987 0.079462 -0.198947 -0.361982 -0.907235
54.520368 108.733747 -0.106843 0.079893 -0.197468 -0.365964 -0.905921
55.109617 109.315704 -0.100480 0.079727 -0.196882 -0.361294 -0.907936
55.688767 109.876268 -0.103035 0.082669 -0.201357 -0.363462 -0.905824
56.301220 110.499129 -0.099859 0.086101 -0.194985 -0.393883 -0.894105
56.821908 111.122331 -0.101459 0.093512 -0.189097 -0.437345 -0.874201
57.286145 111.783822 -0.095457 0.095800 -0.188342 -0.424659 -0.880349
57.828529 112.467985 -0.104790 0.103097 -0.189214 -0.421606 -0.880805
58.292377 113.133202 -0.118833 0.111082 -0.184178 -0.474563 -0.853540
58.629131 113.904608 -0.104208 0.131723 -0.171816 -0.544551 -0.810304
58.956273 114.660324 -0.106860 0.112724 -0.175140 -0.513483 -0.832439
59.370054 115.374526 -0.098722 0.101067 -0.183564 -0.460851 -0.862384
59.922085 116.070997 -0.094895 0.092665 -0.191995 -0.388918 -0.896267
60.570634 116.662525 -0.105239 0.070286 -0.211880 -0.268304 -0.937113
61.275596 117.074117 -0.090280 0.065044 -0.200777 -0.254711 -0.943706
61.991955 117.507150 -0.092343 0.049046 -0.208101 -0.181948 -0.959783
62.808962 117.697561 -0.086783 0.030879 -0.207808 -0.107302 -0.971776
63.584520 117.915724 -0.091226 0.034085 -0.208365 -0.118936 -0.970194
64.407938 118.112574 -0.082323 0.031817 -0.206449 -0.097903 -0.973027
65.215385 118.313348 -0.074676 0.032621 -0.211367 -0.101579 -0.971566
66.030456 118.494877 -0.074761 0.034834 -0.211813 -0.103846 -0.971153
66.841911 118.684693 -0.087078 0.029942 -0.217807 -0.099154 -0.970480
67.720456 118.885940 -0.074402 0.029061 -0.214070 -0.107434 -0.970457
68.502991 119.060932 -0.086176 0.029013 -0.211030 -0.109458 -0.970898
69.289821 119.278241 -0.093979 0.027969 -0.210286 -0.103050 -0.971791
70.118179 119.455751 -0.078619 0.027547 -0.209061 -0.109640 -0.971346
70.937162 119.678309 -0.073352 0.029914 -0.213914 -0.115221 -0.969572
71.775184 119.867193 -0.090262 0.031948 -0.210254 -0.118710 -0.969887
72.569732 120.090174 -0.093969 0.034702 -0.210929 -0.125141 -0.968837
73.410910 120.283215 -0.102388 0.026896 -0.213915 -0.093710 -0.971975
74.280020 120.398358 -0.086946 0.010929 -0.220151 -0.005830 -0.975387
75.135772 120.433392 -0.074829 0.013496 -0.214203 -0.009408 -0.976651
75.954296 120.446072 -0.080326 0.013814 -0.215109 -0.010241 -0.976439
76.833567 120.486419 -0.060513 0.012436 -0.212554 -0.009841 -0.977021
77.654951 120.530164 -0.079142 0.012426 -0.212830 -0.014009 -0.976910
78.527918 120.554620 -0.071430 0.003972 -0.207974 0.010345 -0.978072
79.342636 120.522276 -0.061431 0.003393 -0.211599 0.006646 -0.977328
80.164680 120.502979 -0.057057 -0.000477 -0.211430 0.028832 -0.976968
80.981931 120.467734 -0.087401 0.000845 -0.216734 0.024926 -0.975912
81.790756 120.426578 -0.045361 0.000534 -0.208374 0.031166 -0.977552
82.637713 120.404880 -0.049911 -0.001534 -0.208100 0.028424 -0.977693
83.462244 120.364172 -0.043698 -0.000641 -0.211957 0.026516 -0.976919
84.292649 120.328962 -0.042675 0.000175 -0.215160 0.021121 -0.976350
85.093371 120.323015 -0.051772 0.002256 -0.210442 0.010581 -0.977546
85.971416 120.313197 -0.033828 0.003975 -0.212538 0.009356 -0.977100
86.772324 120.299032 -0.046903 0.002659 -0.212341 0.021610 -0.976953
87.614527 120.286169 -0.041185 -0.000428 -0.214278 0.023866 -0.976481
88.414916 120.246813 -0.034985 0.003003 -0.223726 0.010058 -0.974595
89.257926 120.248418 -0.050383 0.004508 -0.215235 0.004759 -0.976540
90.114093 120.257349 -0.055746 0.004295 -0.217115 0.001955 -0.976135
90.932031 120.251960 -0.047056 -0.003966 -0.210456 0.050485 -0.976291
91.759176 120.101221 -0.068430 -0.019356 -0.213164 0.109723 -0.970643
92.559419 119.969768 -0.056166 -0.013189 -0.213875 0.078432 -0.973618
93.429272 119.793780 -0.048759 -0.019870 -0.211034 0.091731 -0.972962
94.250307 119.643599 -0.051573 -0.020009 -0.213558 0.090248 -0.972547
95.079506 119.528705 -0.046940 -0.014820 -0.207401 0.084912 -0.974451
95.911748 119.363576 -0.043233 -0.015247 -0.207434 0.089339 -0.974042
96.775911 119.235904 -0.056264 -0.013570 -0.210430 0.082866 -0.973996
97.625135 119.119958 -0.032817 -0.012248 -0.210589 0.078897 -0.974309
98.477663 118.977564 -0.024389 -0.012126 -0.213050 0.075094 -0.974076
99.328308 118.846668 -0.020861 -0.023560 -0.213955 0.117756 -0.969434
100.138931 118.651042 -0.036426 -0.024175 -0.199536 0.127873 -0.971210
100.925474 118.428313 -0.021949 -0.023511 -0.204270 0.134216 -0.969385
101.714070 118.231946 -0.009791 -0.025109 -0.207133 0.132771 -0.968936
102.508273 118.013811 -0.022316 -0.028635 -0.211798 0.132677 -0.967842
103.336441 117.798747 -0.025635 -0.022830 -0.211260 0.134937 -0.967802
104.168547 117.589434 -0.016397 -0.023160 -0.212569 0.134102 -0.967623
105.005072 117.368004 -0.014478 -0.015877 -0.209675 0.083732 -0.974050
105.845389 117.218837 -0.019209 -0.012087 -0.219274 0.108948 -0.969486
106.618968 116.978103 -0.018800 -0.033485 -0.200450 0.204318 -0.957576
107.404344 116.636981 -0.013605 -0.036482 -0.213888 0.206464 -0.954093
108.193061 116.308244 -0.015628 -0.034418 -0.213763 0.209675 -0.953497
108.943373 115.984756 -0.021558 -0.035774 -0.208687 0.204298 -0.955737
109.685742 115.673171 -0.021683 -0.036341 -0.224492 0.188213 -0.955436
110.467569 115.392495 -0.028754 -0.029311 -0.221739 0.161694 -0.961159
111.287564 115.133691 -0.043439 -0.032534 -0.211018 0.183452 -0.959561
112.057045 114.787857 -0.049664 -0.046709 -0.211588 0.237746 -0.946850
112.834881 114.364752 -0.041973 -0.042605 -0.218541 0.225079 -0.948559
113.577902 114.035728 -0.056751 -0.038984 -0.216641 0.217433 -0.950931
114.308635 113.701398 -0.064932 -0.044534 -0.216260 0.215791 -0.951148
115.095787 113.318206 -0.084115 -0.041432 -0.215137 0.215267 -0.951661
115.851583 113.000825 -0.073901 -0.039751 -0.213039 0.209674 -0.953452
116.630456 112.636896 -0.065960 -0.040053 -0.210544 0.199813 -0.956108
117.373535 112.317484 -0.076416 -0.039231 -0.210114 0.205732 -0.954980
118.137519 111.991487 -0.076475 -0.039255 -0.209316 0.206849 -0.954913
118.895283 111.654495 -0.072586 -0.040858 -0.220129 0.196859 -0.954526
119.672259 111.334684 -0.085998 -0.038738 -0.219594 0.195704 -0.954975
120.473344 110.976555 -0.088098 -0.045280 -0.212808 0.233164 -0.947785
121.214160 110.605197 -0.087199 -0.041467 -0.209177 0.220733 -0.951737
121.955764 110.254455 -0.101410 -0.040550 -0.212958 0.224600 -0.950031
122.751033 109.877015 -0.093701 -0.038059 -0.219240 0.218319 -0.950170
123.490640 109.554114 -0.101410 -0.037733 -0.213732 0.212274 -0.952803
124.241175 109.189119 -0.086522 -0.043428 -0.202150 0.222607 -0.952730
125.006009 108.827170 -0.115355 -0.043699 -0.222285 0.222204 -0.948317
125.751036 108.458814 -0.114756 -0.045034 -0.216426 0.218611 -0.950442
126.494177 108.152065 -0.125862 -0.034253 -0.219032 0.169356 -0.960297
127.284257 107.919094 -0.138590 -0.027357 -0.219799 0.149391 -0.963650
128.068419 107.576264 -0.148776 -0.053341 -0.215764 0.282110 -0.933282
128.693804 107.063579 -0.154791 -0.072574 -0.210106 0.364967 -0.904095
129.291882 106.488008 -0.177406 -0.070929 -0.206799 0.365831 -0.904639
129.890308 105.905373 -0.165909 -0.070859 -0.198367 0.383289 -0.899288
130.501302 105.296724 -0.164919 -0.075113 -0.200726 0.387602 -0.896567
131.085688 104.699922 -0.176232 -0.073263 -0.203864 0.388732 -0.895522
131.630118 104.059091 -0.173137 -0.086810 -0.195109 0.466620 -0.858290
132.137427 103.335333 -0.168161 -0.089886 -0.198652 0.454357 -0.863723
132.650660 102.651277 -0.183865 -0.085805 -0.204752 0.427076 -0.876539
133.203478 102.024618 -0.180526 -0.081380 -0.202403 0.419626 -0.881093
133.732687 101.347868 -0.198218 -0.082690 -0.199981 0.424095 -0.879382
134.279726 100.698701 -0.191233 -0.083230 -0.203558 0.411791 -0.884344
134.862588 100.067028 -0.229399 -0.083165 -0.211199 0.397867 -0.888921
135.399696 99.460655 -0.257405 -0.082367 -0.210926 0.398418 -0.888813
135.975987 98.849554 -0.272989 -0.079545 -0.206926 0.398546 -0.889952
136.560382 98.221535 -0.296415 -0.077330 -0.210605 0.396442 -0.890224
137.179601 97.564675 -0.316154 -0.082240 -0.211822 0.406357 -0.885010
137.765569 96.922287 -0.332328 -0.079116 -0.208284 0.402331 -0.887968
138.365125 96.277336 -0.355281 -0.081911 -0.215488 0.394736 -0.889404
138.959855 95.622302 -0.375350 -0.080046 -0.209025 0.396223 -0.890454
139.522548 95.044992 -0.393839 -0.079010 -0.214235 0.393512 -0.890510
140.087241 94.454568 -0.408818 -0.078910 -0.211185 0.392154 -0.891846
140.642402 93.860702 -0.426464 -0.077976 -0.208962 0.393627 -0.891803
141.221766 93.229410 -0.451378 -0.078945 -0.209100 0.390017 -0.893270
141.846927 92.590836 -0.469094 -0.079830 -0.209694 0.396012 -0.890410
142.419206 91.984253 -0.478130 -0.079741 -0.211709 0.396331 -0.889799
142.990335 91.388209 -0.511961 -0.081942 -0.217280 0.390216 -0.890958
143.556166 90.799153 -0.559896 -0.081735 -0.211558 0.389885 -0.892498
144.114291 90.194219 -0.544773 -0.081535 -0.211878 0.393090 -0.891033
144.698922 89.591790 -0.585834 -0.082329 -0.216360 0.385621 -0.893144
145.247929 88.997994 -0.603180 -0.083004 -0.215629 0.385165 -0.893455
145.853912 88.408622 -0.629059 -0.082981 -0.210617 0.381100 -0.896391
146.433932 87.817644 -0.651765 -0.078371 -0.214194 0.369052 -0.900988
147.051654 87.216423 -0.688660 -0.080634 -0.217256 0.383211 -0.894118
147.638700 86.608875 -0.710669 -0.080531 -0.215067 0.376442 -0.897526
148.229530 86.031121 -0.733773 -0.079450 -0.212547 0.372644 -0.899804
148.852378 85.411851 -0.749837 -0.080378 -0.210098 0.373684 -0.899866
149.451743 84.837017 -0.775771 -0.080471 -0.209976 0.364235 -0.903752
150.066743 84.267623 -0.787769 -0.078177 -0.210971 0.362548 -0.904399
150.705416 83.693929 -0.810236 -0.077810 -0.212508 0.356575 -0.906444
151.289831 83.141703 -0.839910 -0.077190 -0.212967 0.348262 -0.909615
151.936749 82.559801 -0.849452 -0.080029 -0.210925 0.363325 -0.903936
152.578507 81.986779 -0.865674 -0.075708 -0.217881 0.342678 -0.910696
153.209024 81.430358 -0.885652 -0.076783 -0.212181 0.345215 -0.910994
153.863834 80.883646 -0.905287 -0.076037 -0.212972 0.347356 -0.910058
154.497685 80.332338 -0.927511 -0.074270 -0.218265 0.347078 -0.909055
155.150272 79.778442 -0.976116 -0.074661 -0.216630 0.346553 -0.909614
155.793602 79.209440 -0.992028 -0.075415 -0.222867 0.347220 -0.907789
156.433576 78.667605 -1.018881 -0.071099 -0.219199 0.346870 -0.909163
157.057362 78.112195 -1.036298 -0.070762 -0.214455 0.352711 -0.908073
157.694149 77.570706 -1.052303 -0.068481 -0.212902 0.350190 -0.909588
158.315806 77.011301 -1.068751 -0.065741 -0.208720 0.349823 -0.910900
158.968367 76.441168 -1.081798 -0.069066 -0.216046 0.348954 -0.909277
159.605065 75.911186 -1.123365 -0.070166 -0.219394 0.342575 -0.910816
160.236277 75.366727 -1.142243 -0.069653 -0.217086 0.344217 -0.910789
160.863711 74.846319 -1.168726 -0.064380 -0.215151 0.349808 -0.909505
161.516540 74.299455 -1.195578 -0.066006 -0.220348 0.335549 -0.913508
162.181483 73.779307 -1.215771 -0.063810 -0.219526 0.317536 -0.920276
162.892437 73.330662 -1.258149 -0.040382 -0.220897 0.226935 -0.947668
163.689147 73.056782 -1.258534 -0.020947 -0.215776 0.130777 -0.967419
164.547921 72.998819 -1.275714 0.022942 -0.219805 -0.082261 -0.971799
165.332288 73.335478 -1.280425 0.068123 -0.205228 -0.308835 -0.926208
165.891560 73.974017 -1.293037 0.107519 -0.188393 -0.478403 -0.850928
166.192735 74.755033 -1.298915 0.125269 -0.173076 -0.568188 -0.794679
166.452606 75.514650 -1.289829 0.126063 -0.173334 -0.560758 -0.799759
166.736437 76.269254 -1.292753 0.127753 -0.176187 -0.561457 -0.798375
166.986037 77.070985 -1.313090 0.125237 -0.172224 -0.565426 -0.796836
167.251382 77.851515 -1.312045 0.126236 -0.176328 -0.559049 -0.800273
167.529208 78.655038 -1.312225 0.130458 -0.178168 -0.558781 -0.799375
167.829305 79.427923 -1.309993 0.123421 -0.175309 -0.542703 -0.812101
168.118785 80.200581 -1.308640 0.120285 -0.171693 -0.541682 -0.814023
168.464436 80.994074 -1.303357 0.119779 -0.171432 -0.541766 -0.814097
168.739972 81.748333 -1.292948 0.121597 -0.168131 -0.550409 -0.808700
169.062250 82.491829 -1.284792 0.117559 -0.172007 -0.527446 -0.823647
169.392909 83.253457 -1.286595 0.117715 -0.170210 -0.531362 -0.821478
169.714205 84.018016 -1.272950 0.115701 -0.170767 -0.532492 -0.820917
170.062969 84.819066 -1.271289 0.124719 -0.179869 -0.531340 -0.818395
170.398160 85.592853 -1.262676 0.117196 -0.173201 -0.534915 -0.818616
170.718455 86.397735 -1.255814 0.118110 -0.176403 -0.534940 -0.817784
171.061623 87.181037 -1.248072 0.116300 -0.171224 -0.534935 -0.819146
171.396629 87.978151 -1.239524 0.120083 -0.172613 -0.534672 -0.818481
171.708142 88.740265 -1.234801 0.122766 -0.173921 -0.545457 -0.810652
172.066304 89.545911 -1.212195 0.120559 -0.174924 -0.529510 -0.821271
172.366147 90.331324 -1.238234 0.119239 -0.173463 -0.529976 -0.821473
172.741363 91.076122 -1.224358 0.115315 -0.166623 -0.532341 -0.821920
173.028950 91.869371 -1.223278 0.122611 -0.174262 -0.529630 -0.821031
173.366901 92.634570 -1.214241 0.123927 -0.175607 -0.533652 -0.817936
173.696251 93.404771 -1.200275 0.118271 -0.171758 -0.535532 -0.818362
174.021836 94.165606 -1.196793 0.120393 -0.168288 -0.536177 -0.818351
174.334343 94.929001 -1.178689 0.116326 -0.172430 -0.527161 -0.823916
174.689455 95.655034 -1.177424 0.113675 -0.184410 -0.495690 -0.841049
175.080138 96.385078 -1.186471 0.113607 -0.182772 -0.491035 -0.844140
175.493186 97.146674 -1.171743 0.107547 -0.175311 -0.498643 -0.842054
175.898481 97.935272 -1.170504 0.118856 -0.189200 -0.487562 -0.844014
176.354751 98.698581 -1.150359 0.111946 -0.180743 -0.489644 -0.845606
176.760891 99.474293 -1.148774 0.107134 -0.178597 -0.490947 -0.845929
177.165203 100.250857 -1.152225 0.112738 -0.179536 -0.487655 -0.846906
177.607244 100.924256 -1.144576 0.108405 -0.183698 -0.487217 -0.846831
177.966702 101.653937 -1.148242 0.104079 -0.178006 -0.489405 -0.847327
178.396565 102.329009 -1.140239 0.102586 -0.186697 -0.458786 -0.862633
178.873609 103.023199 -1.154774 0.096889 -0.190693 -0.444851 -0.869688
179.363393 103.675082 -1.140868 0.102339 -0.185704 -0.459939 -0.862263
179.815419 104.340657 -1.135638 0.099385 -0.187118 -0.447129 -0.869014
180.272079 105.009148 -1.144859 0.097204 -0.189021 -0.442350 -0.871292
180.775059 105.701560 -1.135473 0.092663 -0.193336 -0.415594 -0.883921
181.296830 106.355952 -1.146468 0.098016 -0.195259 -0.426038 -0.877928
181.784730 106.993807 -1.150428 0.097975 -0.185802 -0.436964 -0.874609
182.266037 107.642629 -1.139969 0.099597 -0.189982 -0.431129 -0.876422
182.744288 108.321725 -1.143587 0.094149 -0.185649 -0.421040 -0.882834
183.262660 108.955475 -1.152002 0.095280 -0.184604 -0.422428 -0.882269
183.795377 109.666421 -1.132732 0.099144 -0.190675 -0.424558 -0.879525
184.282182 110.322853 -1.118506 0.097035 -0.181362 -0.426309 -0.880882
184.796427 111.006827 -1.109396 0.101061 -0.185347 -0.426910 -0.879307
185.277587 111.670757 -1.098095 0.099551 -0.184793 -0.436320 -0.874966
185.822683 112.334589 -1.091826 0.091795 -0.185290 -0.392930 -0.896017
186.389067 112.958260 -1.091067 0.086921 -0.188221 -0.366181 -0.907154
187.015564 113.532054 -1.084651 0.085474 -0.194538 -0.345356 -0.914100
187.687834 113.990809 -1.082685 0.054519 -0.199303 -0.216961 -0.954062
188.439125 114.283218 -1.063973 0.045212 -0.203316 -0.174432 -0.962389
189.184739 114.657564 -1.055986 0.058478 -0.197288 -0.240290 -0.948640
189.956285 115.062249 -1.049792 0.055467 -0.204880 -0.231998 -0.949276
190.654628 115.454872 -1.016141 0.056008 -0.201177 -0.235905 -0.949073
191.377097 115.867322 -1.026536 0.059476 -0.201844 -0.232647 -0.949524
192.100557 116.255475 -1.012698 0.062270 -0.201007 -0.241578 -0.947290
192.792815 116.664067 -1.000218 0.061909 -0.197831 -0.243569 -0.947473
193.510431 117.056638 -0.997117 0.059622 -0.194657 -0.245401 -0.947804
194.218357 117.474663 -0.995068 0.060206 -0.201715 -0.245922 -0.946155
194.957744 117.893819 -0.997875 0.058638 -0.201105 -0.245316 -0.946540
195.715654 118.303543 -0.997814 0.052808 -0.204774 -0.214907 -0.953464
196.472500 118.639218 -0.992914 0.050033 -0.211210 -0.182179 -0.959009
197.232753 118.925922 -0.980386 0.046421 -0.205808 -0.162028 -0.963968
197.993491 119.186038 -0.973481 0.033033 -0.208696 -0.112881 -0.970882
198.801817 119.301634 -0.974104 0.023004 -0.207604 -0.066568 -0.975674
199.609166 119.436645 -0.969735 0.021407 -0.209035 -0.061730 -0.975723
200.465305 119.525950 -0.994499 0.011169 -0.216912 -0.017429 -0.975972
201.356567 119.513065 -0.964729 0.004386 -0.211995 0.012859 -0.977176
202.193641 119.504532 -0.977555 0.003113 -0.206809 0.006700 -0.978354
203.022603 119.590497 -0.978249 0.022695 -0.213156 -0.073339 -0.973997
203.877712 119.741053 -0.957929 0.026238 -0.214045 -0.080132 -0.973178
204.738564 119.863877 -0.970261 0.021456 -0.212008 -0.063189 -0.974987
205.573148 119.968922 -0.980999 0.013570 -0.217510 -0.030578 -0.975485
206.400326 120.043584 -0.972646 0.022720 -0.214015 -0.072969 -0.973836
207.206549 120.301107 -0.983905 0.059253 -0.206949 -0.221963 -0.950996
207.946292 120.649382 -1.009992 0.059790 -0.208894 -0.191292 -0.957181
208.706567 121.018644 -0.995183 0.062107 -0.210043 -0.202532 -0.954466
209.376988 121.515797 -0.992677 0.088108 -0.198903 -0.355201 -0.909124
209.878255 122.216335 -1.015966 0.126787 -0.183094 -0.539832 -0.811778
210.000793 123.023904 -1.009123 0.161348 -0.146501 -0.704034 -0.675900
209.788122 123.834340 -1.013600 0.182700 -0.108198 -0.842619 -0.494882
209.234418 124.421546 -1.018577 0.204863 -0.067381 -0.926126 -0.309486
208.468204 124.781631 -1.018346 0.211482 -0.020692 -0.972279 -0.097574
207.637210 124.776365 -1.016080 0.208409 0.022722 -0.973072 0.095810
206.883981 124.438513 -1.014067 0.203956 0.046568 -0.957367 0.199201
206.098425 124.066159 -1.000195 0.203003 0.047044 -0.956978 0.201915
205.329806 123.719858 -0.998505 0.203174 0.048557 -0.956161 0.205231
204.582643 123.346201 -0.996331 0.207178 0.055032 -0.953591 0.211455
203.858017 122.981274 -1.002250 0.206796 0.065623 -0.951806 0.216780
203.127037 122.610157 -0.990232 0.204683 0.054362 -0.946056 0.245211
202.469283 122.150452 -0.990020 0.194015 0.074240 -0.922835 0.324379
201.885340 121.600559 -0.983329 0.192730 0.086310 -0.893403 0.396531
201.304165 121.003140 -0.974922 0.182764 0.068418 -0.920934 0.337337
200.595094 120.569217 -0.994027 0.210759 0.052425 -0.957682 0.188884
199.805436 120.356498 -0.985291 0.193667 0.023748 -0.976132 0.095370
199.013364 120.180674 -0.981065 0.210672 0.031314 -0.969797 0.118875
198.242402 119.927060 -0.992377 0.211506 0.039947 -0.963568 0.158766
197.477570 119.606968 -0.977376 0.203138 0.052742 -0.952737 0.219647
196.755974 119.196706 -0.984303 0.203741 0.069402 -0.930410 0.296664
196.146067 118.675711 -0.989703 0.200677 0.075350 -0.926520 0.309212
195.479248 118.198923 -0.998114 0.203598 0.067374 -0.941454 0.260142
194.754930 117.763601 -0.990688 0.199263 0.062991 -0.943041 0.258846
194.049050 117.331808 -0.994741 0.207190 0.062332 -0.940666 0.261409
193.302527 116.873606 -1.005435 0.211107 0.065715 -0.938017 0.266907
192.607784 116.398036 -1.028267 0.207310 0.066491 -0.938522 0.267914
191.918446 115.962792 -1.009880 0.207704 0.065349 -0.941373 0.257693
191.174002 115.518800 -1.008283 0.205461 0.067127 -0.938693 0.268581
190.456879 115.048846 -1.021624 0.206237 0.069886 -0.932216 0.289061
189.841069 114.514509 -1.037586 0.203633 0.085447 -0.910354 0.349984
189.227597 113.948348 -1.057981 0.203728 0.087421 -0.911025 0.347687
188.608658 113.397328 -1.058752 0.200537 0.081863 -0.912909 0.345949
187.976110 112.820786 -1.067687 0.203387 0.084404 -0.913522 0.342033
187.366052 112.271034 -1.072771 0.198031 0.088545 -0.908841 0.356303
186.758682 111.695772 -1.095889 0.199241 0.081141 -0.917441 0.334697
186.145652 111.161738 -1.083090 0.201288 0.082979 -0.913716 0.343103
185.533142 110.624676 -1.083155 0.199742 0.082927 -0.911663 0.349424
184.942443 110.053992 -1.104233 0.196172 0.088815 -0.907271 0.361231
184.355597 109.499594 -1.109112 0.201780 0.085531 -0.909787 0.352502
183.770831 108.898577 -1.107360 0.197095 0.086341 -0.907424 0.360944
183.175645 108.357134 -1.136222 0.199979 0.088682 -0.910810 0.350099
182.541928 107.827038 -1.130497 0.206023 0.059945 -0.947023 0.238975
181.778584 107.468763 -1.116735 0.206485 0.054465 -0.956494 0.198787
181.027067 107.121680 -1.126496 0.207574 0.053177 -0.956046 0.200155
180.228948 106.771206 -1.115472 0.204473 0.048398 -0.957022 0.199894
179.472649 106.439741 -1.116749 0.205007 0.051337 -0.955989 0.203524
178.682911 106.144873 -1.116970 0.208170 0.032038 -0.972590 0.098530
177.888626 106.022221 -1.109057 0.203552 0.016891 -0.978353 0.033278
177.015281 105.938388 -1.095890 0.203870 0.025874 -0.976370 0.066858
176.200257 105.706125 -1.082614 0.200420 0.038843 -0.971069 0.123889
175.363304 105.486381 -1.059008 0.196160 0.034449 -0.973557 0.111899
174.536591 105.286222 -1.049651 0.203013 0.030541 -0.973431 0.101411
173.695096 105.089604 -1.034047 0.200421 0.030967 -0.974248 0.098553
172.903992 104.944251 -1.018301 0.201722 0.031034 -0.972501 0.112188
172.035555 104.747234 -1.006439 0.203597 0.023301 -0.974210 0.094447
171.237842 104.512004 -0.979406 0.193220 0.030821 -0.973745 0.116346
170.433581 104.353033 -0.963058 0.199393 0.033440 -0.972676 0.114125
169.609647 104.114198 -0.965827 0.205108 0.032882 -0.971851 0.111152
168.817147 103.900624 -0.948143 0.196957 0.036078 -0.973608 0.109516
167.992362 103.707362 -0.922877 0.199737 0.032867 -0.974073 0.101030
167.184106 103.521242 -0.906821 0.200152 0.025601 -0.976386 0.077159
166.361866 103.415885 -0.889500 0.192474 0.014937 -0.980625 0.033232
165.543944 103.368185 -0.861830 0.201976 0.015402 -0.978783 0.030858
164.708047 103.302795 -0.841444 0.199752 0.015868 -0.979201 0.031829
163.869893 103.201735 -0.817123 0.195664 0.011136 -0.980291 0.024911
163.059660 103.150949 -0.793025 0.202225 0.012056 -0.978982 0.023552
162.241643 103.120167 -0.767501 0.201297 0.007489 -0.979215 0.023699
161.371865 103.067267 -0.750054 0.204756 0.008736 -0.978382 0.027715
160.522686 102.993501 -0.726583 0.192816 0.010390 -0.980875 0.024474
159.696617 102.928012 -0.691784 0.192297 0.009273 -0.980872 0.028753
158.861961 102.866849 -0.677143 0.200648 0.011252 -0.979190 0.028279
158.004875 102.807864 -0.671488 0.202044 0.013196 -0.978882 0.028194
157.168201 102.774304 -0.650315 0.204613 0.014311 -0.978251 0.030872
156.345887 102.763844 -0.634462 0.207885 -0.012538 -0.975449 -0.071597
155.489956 102.864333 -0.618165 0.203226 -0.006202 -0.977468 -0.056717
154.649578 102.806471 -0.607614 0.203702 0.030727 -0.971008 0.121265
153.875884 102.592293 -0.584871 0.202649 0.026554 -0.974170 0.096023
153.083820 102.446045 -0.577296 0.196942 0.022615 -0.978507 0.056797
152.220257 102.402637 -0.561573 0.204356 0.007576 -0.978586 0.023468
151.401002 102.354951 -0.541665 0.199935 -0.001110 -0.979556 -0.022222
150.556943 102.446230 -0.517773 0.204205 -0.014906 -0.975809 -0.076650
149.730958 102.587564 -0.515254 0.207569 -0.017083 -0.975366 -0.072687
148.877251 102.694857 -0.502483 0.203396 -0.016968 -0.976531 -0.068764
148.081079 102.807827 -0.486429 0.206058 -0.017726 -0.975922 -0.069303
147.259056 102.913225 -0.467694 0.205387 -0.016644 -0.976658 -0.060656
146.454637 103.003819 -0.450597 0.201914 -0.013548 -0.977182 -0.064512
145.645749 103.106187 -0.435069 0.205881 -0.014834 -0.976323 -0.064704
144.821809 103.192645 -0.410160 0.194589 -0.015438 -0.978788 -0.062222
144.015709 103.303822 -0.403387 0.204014 -0.017415 -0.976842 -0.062079
143.193970 103.391144 -0.375654 0.199161 -0.014666 -0.978047 -0.059533
142.320560 103.480619 -0.365403 0.203593 -0.011886 -0.977095 -0.060779
141.476328 103.614600 -0.349014 0.206817 -0.019871 -0.974325 -0.086732
140.677156 103.801479 -0.324093 0.189180 -0.031319 -0.969138 -0.154923
139.840433 104.086281 -0.315650 0.199477 -0.033607 -0.967864 -0.149393
139.005678 104.317127 -0.297469 0.206224 -0.030134 -0.968036 -0.139536
138.227202 104.556536 -0.241901 0.200681 -0.032187 -0.968672 -0.142710
137.426998 104.765234 -0.265262 0.197753 -0.032038 -0.968065 -0.150721
136.608118 105.011798 -0.253930 0.210664 -0.035664 -0.961584 -0.172349
135.824902 105.366513 -0.240374 0.201715 -0.043659 -0.956269 -0.207257
135.019095 105.716625 -0.235072 0.206629 -0.042405 -0.955339 -0.206962
134.219094 106.059765 -0.217939 0.197897 -0.039969 -0.956601 -0.210129
133.437925 106.405562 -0.202053 0.210347 -0.044357 -0.954751 -0.205517
132.677948 106.753141 -0.204061 0.203280 -0.043446 -0.956967 -0.202492
131.908011 107.060512 -0.201159 0.206947 -0.042509 -0.956783 -0.199832
131.159918 107.371332 -0.203467 0.207496 -0.045255 -0.956164 -0.201613
130.416512 107.671461 -0.194159 0.203579 -0.039014 -0.960104 -0.187707
129.617868 107.932324 -0.185884 0.208462 -0.025164 -0.969372 -0.127389
128.776877 108.143485 -0.179368 0.199298 -0.023391 -0.969028 -0.143936
128.002912 108.376317 -0.140092 0.202594 -0.023820 -0.968072 -0.145687
127.230154 108.660494 -0.131283 0.201248 -0.044825 -0.950804 -0.231217
126.468108 109.018658 -0.116471 0.200445 -0.038609 -0.954409 -0.217796
125.727531 109.366449 -0.122634 0.201427 -0.039150 -0.953331 -0.221483
124.995745 109.735678 -0.102280 0.211640 -0.047166 -0.946440 -0.239239
124.259732 110.098242 -0.101992 0.213552 -0.042786 -0.953264 -0.209411
123.507852 110.460466 -0.126591 0.206379 -0.045978 -0.950577 -0.227369
122.754264 110.820254 -0.110164 0.204426 -0.042456 -0.953015 -0.219476
122.020890 111.170645 -0.112661 0.209586 -0.043586 -0.951327 -0.221699
121.226989 111.528440 -0.106183 0.209867 -0.042619 -0.951440 -0.221135
120.496790 111.885138 -0.098425 0.203869 -0.041803 -0.954202 -0.214915
119.730938 112.226108 -0.096669 0.202162 -0.040696 -0.953951 -0.217834
118.986193 112.560047 -0.091724 0.195829 -0.038758 -0.955601 -0.216737
118.242749 112.919773 -0.064414 0.206239 -0.039214 -0.953313 -0.217076
117.470341 113.283235 -0.068069 0.206412 -0.042339 -0.953547 -0.215290
116.733104 113.598102 -0.081347 0.208992 -0.041539 -0.952527 -0.217463
115.948548 113.967549 -0.082068 0.208337 -0.040868 -0.954415 -0.209804
115.175007 114.298924 -0.079050 0.210339 -0.042808 -0.953269 -0.212609
114.414690 114.670761 -0.067854 0.207411 -0.038190 -0.953696 -0.214443
113.674180 114.978013 -0.060756 0.202750 -0.040793 -0.951988 -0.225716
112.985180 115.408998 -0.065745 0.200053 -0.059918 -0.928424 -0.307274
112.266363 115.861958 -0.039371 0.194121 -0.055541 -0.935802 -0.288976
111.548499 116.329203 -0.050475 0.209596 -0.059067 -0.932013 -0.289710
110.830542 116.800018 -0.037309 0.196338 -0.056581 -0.938161 -0.279470
110.135177 117.251500 -0.034044 0.196994 -0.058617 -0.937704 -0.280122
109.444948 117.708222 -0.028763 0.203537 -0.058762 -0.937418 -0.276346
108.699289 118.137142 -0.027420 0.197270 -0.054576 -0.939268 -0.275467
107.986135 118.597720 -0.006782 0.192465 -0.057102 -0.933838 -0.296045
107.272970 119.080028 -0.011343 0.207526 -0.065197 -0.926278 -0.307718
106.588379 119.646186 0.004411 0.209710 -0.072620 -0.911506 -0.346274
105.950786 120.153415 -0.008489 0.199709 -0.073285 -0.914082 -0.345253
105.337075 120.704031 -0.016196 0.197411 -0.072140 -0.907824 -0.362878
104.710786 121.287840 -0.030444 0.201590 -0.078663 -0.906543 -0.362426
104.130064 121.838104 -0.025997 0.201023 -0.078956 -0.906022 -0.363977
103.532580 122.382899 -0.008514 0.194671 -0.074105 -0.907451 -0.364891
102.931354 122.934487 -0.027844 0.197937 -0.073378 -0.909570 -0.357936
102.306429 123.478846 -0.015627 0.201335 -0.080910 -0.908460 -0.357238
101.703478 124.031248 -0.007412 0.200395 -0.072133 -0.911233 -0.352551
101.074833 124.598552 -0.013186 0.197601 -0.068850 -0.913058 -0.350055
100.425288 125.079980 -0.002376 0.201521 -0.055549 -0.935707 -0.284177
99.670720 125.460934 -0.006683 0.217295 -0.040470 -0.951781 -0.212740
98.892073 125.792295 -0.011904 0.207082 -0.039752 -0.952696 -0.218879
98.133724 126.172031 0.001802 0.209299 -0.045079 -0.949134 -0.230881
97.427046 126.627423 -0.015753 0.200711 -0.063891 -0.926620 -0.311463
96.737266 127.108095 -0.001758 0.201612 -0.065244 -0.924578 -0.316625
96.072683 127.625866 0.004525 0.196191 -0.061145 -0.928602 -0.308981
95.357798 128.138096 0.003502 0.200814 -0.065082 -0.926793 -0.310634
94.661522 128.596658 0.006880 0.205468 -0.054498 -0.942855 -0.256588
93.960457 129.039329 0.007456 0.204277 -0.058681 -0.933569 -0.288576
93.253278 129.496516 0.021137 0.197091 -0.054961 -0.936191 -0.285798
92.544094 129.980667 0.034415 0.199003 -0.057406 -0.936769 -0.282074
91.826547 130.435477 0.048438 0.198490 -0.058568 -0.937060 -0.281231
91.131129 130.888123 0.050541 0.201798 -0.060729 -0.937628 -0.276483
90.413981 131.330424 0.059860 0.199757 -0.059951 -0.939028 -0.273368
89.694035 131.774259 0.080806 0.194655 -0.059566 -0.938815 -0.277827
88.970191 132.235747 0.093266 0.201517 -0.062832 -0.935100 -0.284658
88.288740 132.690426 0.102504 0.198813 -0.062033 -0.937228 -0.279694
87.534348 133.160069 0.109143 0.195153 -0.059467 -0.938262 -0.279361
86.837192 133.614909 0.119677 0.193870 -0.059080 -0.939742 -0.275336
86.125605 134.043034 0.133296 0.200082 -0.059649 -0.939346 -0.272101
85.382082 134.513442 0.148795 0.195834 -0.054452 -0.947323 -0.247512
84.640514 134.918586 0.167720 0.197895 -0.053805 -0.946553 -0.248959
83.887094 135.327605 0.173049 0.209234 -0.054069 -0.943903 -0.249689
83.140403 135.644555 0.193282 0.199509 -0.023128 -0.972287 -0.119665
82.326519 135.885378 0.201634 0.204129 -0.033511 -0.965669 -0.157133
81.552240 136.128245 0.200829 0.210227 -0.026541 -0.966890 -0.142209
80.753498 136.345431 0.214521 0.210172 -0.029223 -0.966045 -0.147415
79.977860 136.580674 0.220205 0.202672 -0.027315 -0.966956 -0.152231
79.196076 136.829226 0.223031 0.207936 -0.026173 -0.966400 -0.148827
78.400305 137.061064 0.225999 0.213073 -0.028109 -0.965186 -0.149086
77.592404 137.275135 0.228787 0.210821 -0.025381 -0.968674 -0.128769
76.825079 137.502105 0.238748 0.206768 -0.027649 -0.968546 -0.135648
75.987003 137.719924 0.253790 0.207018 -0.027092 -0.968302 -0.137118
75.192555 137.939756 0.254198 0.218415 -0.026254 -0.965814 -0.137148
74.357773 138.181643 0.249777 0.205991 -0.025656 -0.968428 -0.138044
73.559674 138.380226 0.252034 0.211392 -0.022274 -0.969595 -0.121255
72.759719 138.582402 0.248884 0.212917 -0.027657 -0.968414 -0.126788
71.962720 138.780244 0.265019 0.202910 -0.026707 -0.970388 -0.128302
71.123242 139.015300 0.280984 0.210056 -0.025654 -0.968761 -0.129306
70.283332 139.211397 0.272253 0.213666 -0.021183 -0.968927 -0.122793
69.505531 139.404715 0.261597 0.218055 -0.020901 -0.967791 -0.124079
68.675374 139.618529 0.241776 0.224777 -0.022513 -0.964235 -0.138633
67.884289 139.809689 0.217141 0.226229 -0.021648 -0.964925 -0.131422
67.047828 140.047949 0.208366 0.227185 -0.022953 -0.965461 -0.125481
66.235221 140.237323 0.181168 0.229460 -0.024796 -0.963710 -0.134148
65.443990 140.422989 0.170163 0.222992 -0.011819 -0.972043 -0.072570
64.622954 140.382775 0.149212 0.220764 0.014310 -0.974391 0.040263
63.822930 140.275186 0.135505 0.222455 0.016928 -0.973725 0.045678
63.010774 140.216572 0.127186 0.219555 0.018094 -0.974316 0.046658
62.186870 140.129508 0.113812 0.213568 0.009091 -0.975790 0.046263
61.386897 140.047863 0.101366 0.218504 0.011865 -0.974570 0.048257
60.573054 139.923979 0.106311 0.215460 0.016131 -0.974742 0.056528
59.713156 139.837182 0.097847 0.218271 0.011299 -0.974924 0.041876
58.895670 139.718115 0.084734 0.215797 0.013928 -0.974737 0.055915
58.066960 139.605601 0.086656 0.212606 0.013116 -0.975428 0.056268
57.252981 139.514980 0.077085 0.215156 0.016637 -0.975029 0.052441
56.392590 139.408076 0.077222 0.213783 0.015519 -0.975762 0.044103
55.556573 139.313824 0.071356 0.214446 0.016544 -0.975403 0.048249
54.737202 139.230160 0.070930 0.217713 0.017539 -0.974690 0.047676
53.966155 139.012390 0.062536 0.215555 0.035608 -0.967880 0.124402
53.158580 138.800642 0.070281 0.213147 0.032025 -0.968840 0.122029
52.362195 138.603636 0.062707 0.213208 0.029225 -0.970260 0.110835
51.557547 138.386719 0.055665 0.213303 0.029832 -0.969647 0.115743
50.784677 138.169386 0.053396 0.214162 0.033931 -0.965379 0.145004
49.951670 137.889681 0.047932 0.211327 0.036005 -0.963974 0.157473
49.185747 137.608110 0.049915 0.214285 0.038463 -0.960390 0.173933
48.439050 137.302720 0.038805 0.211817 0.037912 -0.957088 0.194112
47.703601 136.986109 0.044297 0.206099 0.041182 -0.959711 0.186500
46.916493 136.658703 0.022192 0.208643 0.039053 -0.961310 0.175573
46.154849 136.365784 0.033725 0.210482 0.042764 -0.957695 0.191544
45.357869 136.036695 0.032245 0.218322 0.036959 -0.956126 0.191816
44.572779 135.683168 0.035752 0.204145 0.046111 -0.954121 0.214131
43.839055 135.322025 0.035419 0.206488 0.054800 -0.950278 0.226563
43.125725 134.949992 0.030450 0.211872 0.055917 -0.945975 0.238986
42.430854 134.484426 0.021486 0.205693 0.067265 -0.929654 0.298177
41.802218 133.984385 0.005466 0.206228 0.077653 -0.918979 0.326984
41.159457 133.454314 -0.018183 0.212598 0.079577 -0.919397 0.321215
40.518927 132.938494 -0.022066 0.208988 0.076934 -0.920663 0.320600
39.859452 132.435481 -0.033252 0.198586 0.075416 -0.923232 0.320184
39.203622 131.892246 -0.035448 0.188874 0.064928 -0.927635 0.315601
38.541583 131.411786 -0.041420 0.212399 0.075510 -0.926592 0.301019
37.906612 130.867362 -0.069434 0.201756 0.078748 -0.913541 0.344290
37.316565 130.278197 -0.077058 0.195647 0.074516 -0.910998 0.355321
36.707560 129.707816 -0.090283 0.210932 0.082698 -0.903749 0.363189
36.101995 129.132003 -0.123113 0.214077 0.084245 -0.905463 0.356665
35.514562 128.574905 -0.134225 0.204066 0.082119 -0.899919 0.376509
34.938826 128.005469 -0.156408 0.206856 0.083967 -0.899410 0.375794
34.356197 127.390915 -0.181007 0.202957 0.084170 -0.898506 0.380013
33.789737 126.797665 -0.177448 0.206169 0.088245 -0.890661 0.395513
33.282276 126.134976 -0.172172 0.187435 0.098304 -0.855752 0.472115
32.818555 125.428184 -0.192441 0.194811 0.105814 -0.855535 0.467881
32.318366 124.796320 -0.151751 0.196609 0.083274 -0.899938 0.380162
31.715064 124.254462 -0.214692 0.217117 0.063432 -0.937174 0.265595
31.007985 123.829279 -0.246330 0.225126 0.061727 -0.946021 0.224837
30.205852 123.653687 -0.273896 0.232794 0.011959 -0.971035 0.052496
29.398625 123.490744 -0.324562 0.240146 0.022523 -0.967916 0.070438
28.580532 123.365173 -0.298911 0.207091 0.014837 -0.976583 0.056383
27.738425 123.230759 -0.290024 0.207704 0.017500 -0.975745 0.066892
26.931436 123.122996 -0.279239 0.204117 0.017647 -0.976135 0.072014
26.110751 122.862200 -0.276735 0.200394 0.055672 -0.949362 0.235486
25.502656 122.339916 -0.271008 0.180902 0.096257 -0.881851 0.424675
25.165467 121.548491 -0.249646 0.155702 0.139481 -0.760839 0.614350
25.208942 120.721837 -0.238561 0.106150 0.181486 -0.546695 0.810506
26.001869 120.359687 -0.249643 0.003460 0.215432 -0.071990 0.973856
26.873031 120.419648 -0.268513 -0.031996 0.214724 0.098825 0.971135
27.710271 120.584308 -0.271010 -0.030457 0.212818 0.083281 0.973060
28.527974 120.746754 -0.273380 -0.026167 0.214407 0.072477 0.973700
29.335390 120.927270 -0.252649 -0.048834 0.198042 0.054243 0.977472
30.154624 120.974802 -0.225342 -0.016062 0.207845 0.030467 0.977555
30.965925 121.139838 -0.207118 -0.042741 0.202009 0.138228 0.968638
31.702977 121.562020 -0.202325 -0.089126 0.192827 0.351993 0.911578
32.272281 122.189256 -0.187103 -0.097089 0.188680 0.389403 0.896292
32.843797 122.783592 -0.197095 -0.088258 0.185396 0.380871 0.901541
33.404781 123.391788 -0.117878 -0.089887 0.177483 0.379614 0.903501
33.953488 123.983753 -0.154596 -0.095045 0.188038 0.369492 0.905032
34.531004 124.567651 -0.125225 -0.091221 0.182726 0.373278 0.904961
35.086826 125.156658 -0.117668 -0.096322 0.187866 0.375939 0.902274
35.685618 125.770711 -0.113115 -0.098932 0.184510 0.395124 0.894453
36.219946 126.398754 -0.111732 -0.093238 0.179798 0.392075 0.897361
36.786843 127.062206 -0.096185 -0.101284 0.181487 0.415105 0.885716
37.333938 127.705967 -0.080434 -0.102702 0.185841 0.407629 0.888118
37.854788 128.352767 -0.073272 -0.092921 0.179173 0.405732 0.891428
38.406954 128.993347 -0.067402 -0.096961 0.187102 0.394121 0.894573
38.975023 129.603621 -0.056928 -0.085907 0.183903 0.367348 0.907664
39.573687 130.215538 -0.076015 -0.086409 0.189574 0.353039 0.912118
40.194477 130.786586 -0.028946 -0.082529 0.188592 0.350235 0.913760
40.803154 131.349141 -0.039864 -0.078599 0.196695 0.313046 0.925816
41.535797 131.848114 -0.010718 -0.065716 0.191394 0.280406 0.938308
42.224773 132.307405 -0.016735 -0.066064 0.198523 0.269126 0.940104
42.947984 132.748775 0.014262 -0.059223 0.193324 0.246659 0.947775
43.679988 133.191834 0.001448 -0.060330 0.196942 0.249014 0.946343
44.411671 133.615555 0.038004 -0.059160 0.192449 0.247611 0.947709
45.117934 134.045541 0.042898 -0.061516 0.199144 0.247460 0.946214
45.834436 134.427914 0.052230 -0.061876 0.202065 0.234728 0.948812
46.559633 134.818743 0.047586 -0.059404 0.204282 0.214474 0.953279
47.295978 135.145388 0.055318 -0.046982 0.207573 0.160611 0.963800
48.057114 135.421921 0.052570 -0.046956 0.205711 0.164408 0.963560
48.864375 135.679732 0.051044 -0.037085 0.213361 0.122953 0.968496
49.657449 135.870883 0.057437 -0.027380 0.197581 0.089904 0.975771
50.482531 136.092196 0.055937 -0.042405 0.204930 0.154450 0.965583
51.319943 136.357989 0.060330 -0.043805 0.212264 0.145955 0.965258
52.154311 136.625588 0.072251 -0.042027 0.210099 0.137458 0.967056
52.937512 136.874581 0.063132 -0.041963 0.206607 0.140373 0.967392
53.774871 137.134352 0.066702 -0.033196 0.202455 0.122217 0.971068
54.598645 137.356466 0.080256 -0.035256 0.211726 0.116654 0.969702
55.423311 137.569360 0.074764 -0.037598 0.211136 0.119126 0.969442
56.224542 137.790173 0.083049 -0.036032 0.208329 0.120260 0.969968
57.052844 138.050501 0.077972 -0.037446 0.212819 0.115816 0.969481
57.867296 138.214294 0.094814 -0.032626 0.209308 0.092831 0.972887
58.707921 138.396797 0.088691 -0.027076 0.209571 0.074146 0.974602
59.572651 138.515512 0.094887 -0.024665 0.210614 0.060799 0.975365
60.372325 138.640490 0.111899 -0.022274 0.204580 0.053811 0.977116
61.221302 138.753340 0.108563 -0.024899 0.208239 0.070243 0.975235
62.054703 138.857809 0.135536 -0.025780 0.211628 0.070100 0.974492
62.881747 138.990489 0.133144 -0.019799 0.207558 0.046558 0.976913
63.713363 139.071887 0.149658 -0.014613 0.201060 0.021430 0.979236
64.577980 139.093215 0.160877 -0.009245 0.202642 -0.015129 0.979092
65.439197 139.044373 0.180862 0.000793 0.206930 -0.053649 0.976883
66.304396 138.953689 0.186740 0.003964 0.203209 -0.067742 0.976781
67.102171 138.853328 0.201485 0.004695 0.198199 -0.059950 0.978315
67.934467 138.787789 0.221631 0.004304 0.203225 -0.057782 0.977416
68.808080 138.674167 0.252249 0.007377 0.198562 -0.058712 0.978300
69.665283 138.596173 0.260726 0.005759 0.203663 -0.056699 0.977381
70.470113 138.480031 0.275629 0.004412 0.206320 -0.059386 0.976671
71.298125 138.418202 0.273007 0.005473 0.214456 -0.063249 0.974668
72.099229 138.344713 0.268687 0.004333 0.220035 -0.057042 0.973813
72.903731 138.237746 0.262572 0.005287 0.218088 -0.063329 0.973858
73.750434 138.109861 0.253913 0.012124 0.212450 -0.095348 0.972433
74.584650 137.945349 0.241313 0.012698 0.209389 -0.100030 0.972620
75.405435 137.822312 0.245338 0.012221 0.211741 -0.102304 0.971880
76.241834 137.614380 0.243233 0.019663 0.220397 -0.143730 0.964562
77.077565 137.393353 0.225216 0.018219 0.216227 -0.140716 0.965978
77.902291 137.138679 0.228249 0.019194 0.210720 -0.140112 0.967263
78.720003 136.900959 0.230713 0.023677 0.211078 -0.162415 0.963591
79.533453 136.645262 0.233765 0.024853 0.215301 -0.158092 0.963346
80.355687 136.356730 0.228874 0.031021 0.214400 -0.196747 0.956222
81.177937 136.045036 0.219324 0.033925 0.216831 -0.215204 0.951588
81.912696 135.644088 0.207756 0.043284 0.211697 -0.259880 0.941155
82.627097 135.257829 0.209750 0.041564 0.214713 -0.259666 0.940609
83.389038 134.800946 0.190231 0.045550 0.220824 -0.259554 0.939039
84.107553 134.433648 0.193789 0.040869 0.214113 -0.250318 0.943306
84.821247 134.056136 0.160335 0.043382 0.217549 -0.242574 0.944430
85.550333 133.666342 0.145047 0.044919 0.220184 -0.246370 0.942764
86.251090 133.274819 0.142011 0.043043 0.214918 -0.245040 0.944411
87.008942 132.908609 0.127937 0.039528 0.221372 -0.240004 0.944368
87.706726 132.513377 0.106192 0.043490 0.217536 -0.244894 0.943829
88.434953 132.135492 0.093657 0.043282 0.216727 -0.250026 0.942679
89.157713 131.760350 0.088894 0.043349 0.216267 -0.259451 0.940231
89.923995 131.289731 0.062095 0.045732 0.218088 -0.258338 0.940004
90.694216 130.871828 0.072007 0.039288 0.216418 -0.248579 0.943307
91.453957 130.446195 0.054704 0.041465 0.205777 -0.257012 0.943335
92.213336 130.026587 0.039153 0.048413 0.219382 -0.256715 0.940013
92.881564 129.557909 0.032480 0.065239 0.210120 -0.322950 0.920487
93.597079 129.057032 0.028395 0.061163 0.210346 -0.308182 0.925763
94.272624 128.558748 0.019910 0.055347 0.203309 -0.298092 0.930990
94.981890 128.104287 0.018340 0.056481 0.207297 -0.297946 0.930089
95.696040 127.635323 0.011846 0.058761 0.209112 -0.311394 0.925123
96.377016 127.124846 0.007421 0.054280 0.207962 -0.292639 0.931755
97.079632 126.672735 0.002644 0.055873 0.205548 -0.290549 0.932850
97.772070 126.189734 -0.002087 0.054089 0.206894 -0.283355 0.934868
98.476159 125.702574 0.004337 0.066461 0.205929 -0.325557 0.920429
99.089631 125.139568 -0.006389 0.075973 0.202266 -0.358901 0.908024
99.702129 124.608579 -0.004901 0.069782 0.199452 -0.357148 0.909832
100.333615 124.040681 -0.008384 0.077687 0.202439 -0.388925 0.895388
100.897958 123.426576 -0.016666 0.090398 0.197446 -0.443600 0.869519
101.277188 122.689548 0.024896 0.106851 0.188452 -0.511913 0.831272
101.719865 121.935625 -0.000543 0.103069 0.182425 -0.509529 0.834553
102.111609 121.227721 -0.016107 0.106170 0.185879 -0.520645 0.826502
102.418276 120.473445 -0.018434 0.120159 0.182697 -0.586259 0.780054
102.487007 119.666065 -0.006808 0.154205 0.143687 -0.733104 0.646632
102.182929 118.919941 -0.013659 0.189466 0.097851 -0.875697 0.433224
101.527936 118.446506 -0.007134 0.209816 0.051590 -0.958612 0.185416
100.732671 118.314152 -0.017169 0.217965 -0.008065 -0.973934 -0.062275
99.934913 118.551788 -0.023460 0.216615 -0.028138 -0.962163 -0.162878
99.105673 118.725929 -0.033564 0.214932 -0.015814 -0.968272 -0.126508
98.270509 118.918118 -0.021697 0.211537 -0.000295 -0.976045 -0.050879
97.387380 118.992825 -0.031720 0.214523 -0.008018 -0.973347 -0.080688
96.561674 119.100563 -0.039051 0.210912 -0.008333 -0.973805 -0.084557
95.736660 119.250116 -0.042415 0.212578 -0.009376 -0.973559 -0.083104
94.849659 119.428831 -0.052901 0.215983 -0.007570 -0.972830 -0.083045
93.959289 119.524611 -0.058882 0.218009 -0.005438 -0.972050 -0.086955
93.147282 119.661115 -0.053695 0.218602 -0.010389 -0.970637 -0.099849
92.313640 119.874881 -0.063116 0.211696 -0.010777 -0.972582 -0.095670
91.487106 119.986931 -0.014420 0.211768 -0.010148 -0.972903 -0.092258
90.656678 120.124384 -0.051408 0.210865 -0.011821 -0.972782 -0.095344
89.843161 120.269264 -0.046479 0.207942 -0.006255 -0.975626 -0.069815
88.974205 120.416727 -0.039681 0.213949 -0.010562 -0.973231 -0.083277
88.126872 120.524450 -0.036395 0.216824 -0.011824 -0.972820 -0.080427
87.284792 120.628952 -0.042017 0.217122 -0.010902 -0.972675 -0.081507
86.452045 120.764997 -0.042517 0.212372 -0.014474 -0.973457 -0.084077
85.634155 120.874501 -0.050629 0.213834 0.003664 -0.976862 -0.001369
84.780725 120.825642 -0.094564 0.210774 0.015268 -0.977002 0.028438
83.976088 120.742148 -0.044512 0.212779 0.012645 -0.976735 0.023547
83.067238 120.680111 -0.047225 0.213473 0.013906 -0.976629 0.020798
82.236719 120.650490 -0.061570 0.214501 0.012133 -0.976224 0.028794
81.433672 120.598274 -0.060347 0.217022 0.014553 -0.975665 0.027691
80.565024 120.518285 -0.071067 0.213378 0.013241 -0.976579 0.024242
79.759928 120.452299 -0.057738 0.208359 0.018853 -0.976915 0.043222
78.896820 120.420438 -0.061608 0.211596 0.011759 -0.977043 0.021812
78.097745 120.322033 -0.099176 0.218758 0.014780 -0.975279 0.027512
77.249791 120.278697 -0.074418 0.215761 0.015943 -0.975374 0.042875
76.421727 120.197700 -0.079918 0.212921 0.015468 -0.975950 0.044133
75.551427 120.055282 -0.074764 0.213551 0.013826 -0.975809 0.044747
74.700430 119.932002 -0.077669 0.214660 0.011419 -0.976312 0.024604
73.859836 119.916997 -0.078635 0.214287 0.015937 -0.975511 0.046954
73.005419 119.815529 -0.063175 0.211775 0.020076 -0.975429 0.057323
72.176777 119.670606 -0.079036 0.208185 0.019307 -0.976473 0.052783
71.365370 119.595494 -0.077667 0.210892 0.022145 -0.975691 0.055336
70.538828 119.374803 -0.076133 0.207072 0.033102 -0.972427 0.102033
69.723361 119.211860 -0.071367 0.219446 0.031193 -0.970740 0.092383
68.894341 119.030961 -0.069648 0.208010 0.030516 -0.973138 0.093826
68.076487 118.856287 -0.067761 0.213016 0.028039 -0.972114 0.093985
67.296549 118.634521 -0.041057 0.212313 0.030201 -0.971886 0.097208
66.500884 118.503050 -0.067198 0.210168 0.027977 -0.971921 0.102061
65.702521 118.358999 -0.068390 0.206581 0.023693 -0.973261 0.097601
64.844700 118.147200 -0.051377 0.211901 0.024656 -0.971335 0.104874
64.013350 117.953929 -0.067000 0.218059 0.032556 -0.969029 0.111239
63.175474 117.749095 -0.066755 0.208953 0.030742 -0.970713 0.114497
62.381058 117.531543 -0.078284 0.217178 0.028317 -0.969456 0.110395
61.555991 117.324274 -0.072946 0.210501 0.028341 -0.970463 0.114403
60.750787 117.145632 -0.083902 0.215773 0.031097 -0.969315 0.113590
59.964919 116.906808 -0.094168 0.205781 0.027645 -0.970759 0.120487
59.172381 116.735297 -0.070368 0.210570 0.029062 -0.971067 0.108830
58.376591 116.568606 -0.075968 0.212883 0.029573 -0.970200 0.111887
57.557669 116.290954 -0.086801 0.212984 0.039817 -0.964694 0.149726
56.720740 116.014540 -0.066621 0.207957 0.049671 -0.954981 0.205664
56.005410 115.537700 -0.117207 0.213047 0.071588 -0.935255 0.273467
55.297380 115.059994 -0.101581 0.207654 0.065384 -0.939094 0.265908
54.550411 114.624548 -0.105827 0.203592 0.066213 -0.939112 0.268765
53.844289 114.136463 -0.116234 0.205208 0.065859 -0.938182 0.270863
53.172305 113.684612 -0.089050 0.197329 0.070926 -0.937435 0.277933
52.513979 113.190346 -0.083677 0.197828 0.074119 -0.937183 0.277593
51.788085 112.798269 -0.081398 0.198264 0.066121 -0.941490 0.264417
51.102235 112.325026 -0.087632 0.200753 0.070467 -0.938841 0.270757
50.396746 111.826028 -0.074663 0.201966 0.066936 -0.935822 0.281011
49.695932 111.352842 -0.068773 0.201312 0.077357 -0.931859 0.291767
49.050423 110.865230 -0.071276 0.199915 0.074177 -0.934598 0.284706
48.372740 110.408515 -0.112456 0.195355 0.071240 -0.934229 0.289787
47.702403 109.883712 -0.032054 0.197457 0.073720 -0.934738 0.286079
46.996707 109.408560 -0.052314 0.193347 0.068645 -0.937564 0.280852
46.300617 108.952993 -0.031558 0.201579 0.071036 -0.936069 0.279455
45.592357 108.491599 -0.036072 0.199042 0.070822 -0.936766 0.278992
44.933754 107.997131 -0.037061 0.202684 0.073035 -0.934685 0.282751
44.290524 107.519211 -0.021264 0.187093 0.094856 -0.900579 0.380731
43.788903 106.853296 -0.033350 0.189796 0.103120 -0.881629 0.419612
43.268153 106.182855 -0.026829 0.185908 0.104677 -0.882000 0.420188
42.774220 105.536729 -0.045796 0.185901 0.096523 -0.890417 0.404081
42.221799 104.938733 -0.040015 0.191187 0.093849 -0.896115 0.389381
41.620998 104.257613 -0.050425 0.193747 0.102904 -0.900335 0.375859
41.007544 103.645596 -0.057473 0.194484 0.089178 -0.908364 0.359303
40.418268 103.067800 -0.066128 0.194885 0.088421 -0.908523 0.358870
39.827096 102.491446 -0.049595 0.187745 0.087345 -0.910079 0.358998
39.218886 101.902406 -0.046083 0.190532 0.088786 -0.909753 0.357999
38.583035 101.278188 -0.055817 0.194496 0.088650 -0.908876 0.358129
37.931505 100.667910 -0.051457 0.191626 0.085322 -0.909173 0.359727
37.316777 100.050305 -0.060045 0.187055 0.086841 -0.906831 0.367595
36.779909 99.454681 -0.062447 0.189506 0.095232 -0.899021 0.383118
36.237223 98.865732 -0.055736 0.183179 0.097628 -0.887261 0.411925
35.710759 98.214421 -0.036157 0.180189 0.095315 -0.889865 0.408151
35.178903 97.574924 -0.032731 0.183338 0.094155 -0.889981 0.406763
34.664151 96.915902 -0.019913 0.188624 0.100209 -0.876982 0.430443
34.176669 96.243257 -0.025689 0.181591 0.108565 -0.860355 0.463710
33.763569 95.530345 -0.029323 0.173460 0.116262 -0.835006 0.509078
33.432121 94.766308 -0.028006 0.169598 0.118900 -0.823031 0.528884
33.119949 94.022964 -0.021723 0.176576 0.123232 -0.808721 0.547362
32.876440 93.164544 -0.015435 0.166712 0.137589 -0.769305 0.601204
32.660531 92.343988 -0.020483 0.164671 0.135143 -0.776556 0.592943
32.459598 91.569632 -0.041362 0.165783 0.136573 -0.776756 0.592042
32.270970 90.757719 -0.030874 0.163296 0.136328 -0.775501 0.594430
32.041673 89.937652 -0.033955 0.169888 0.134016 -0.778041 0.589771
31.824249 89.161030 -0.037229 0.165345 0.131444 -0.777483 0.592371
31.623235 88.351326 -0.028938 0.171830 0.131579 -0.792301 0.570456
31.342293 87.567226 -0.030746 0.167317 0.128793 -0.780100 0.588950
31.120752 86.706721 -0.031744 0.168818 0.131597 -0.779916 0.588145
30.852124 85.882628 -0.043332 0.175723 0.124441 -0.806300 0.550924
30.552829 85.129175 -0.039878 0.169092 0.116160 -0.816775 0.539252
30.221189 84.328472 -0.035319 0.172568 0.117287 -0.824374 0.526186
29.867339 83.582615 -0.041323 0.176951 0.121399 -0.820750 0.529452
29.543793 82.846555 -0.037275 0.176932 0.125079 -0.821072 0.528101
29.226574 82.076235 -0.059015 0.179796 0.120577 -0.820916 0.528424
28.889357 81.323395 -0.053647 0.176803 0.125192 -0.816655 0.534922
28.585490 80.578356 -0.048234 0.176754 0.124136 -0.819731 0.530461
28.244346 79.787478 -0.055763 0.175143 0.122154 -0.821361 0.528931
27.888560 78.973295 -0.084099 0.173946 0.122649 -0.819319 0.532369
27.580860 78.218813 -0.076322 0.171904 0.122118 -0.816194 0.537925
27.247582 77.413455 -0.103980 0.190059 0.137753 -0.811163 0.535646
26.919244 76.628069 -0.118979 0.184942 0.131638 -0.820120 0.525235
26.633494 75.864359 -0.145093 0.189656 0.144562 -0.810478 0.535030
26.362658 75.083952 -0.190496 0.180100 0.148214 -0.779351 0.581557
26.187947 74.264052 -0.193540 0.173117 0.157144 -0.740945 0.629554
26.109768 73.409061 -0.244892 0.164068 0.164021 -0.706045 0.669088
26.071996 72.549107 -0.279827 0.169084 0.158970 -0.729647 0.643238
25.930977 71.709962 -0.297793 0.166797 0.150520 -0.749348 0.622897
25.796721 70.890560 -0.324664 0.169798 0.150321 -0.745816 0.626364
25.653614 70.056712 -0.327196 0.165309 0.147542 -0.747849 0.625800
25.526614 69.211802 -0.337906 0.163863 0.147823 -0.744960 0.629549
25.407775 68.386487 -0.381949 0.163072 0.146590 -0.742417 0.633037
25.273447 67.551759 -0.349541 0.160152 0.141516 -0.745436 0.631387
25.166500 66.744690 -0.385155 0.165613 0.152042 -0.744687 0.628409
25.029534 65.925920 -0.388739 0.161584 0.144341 -0.751190 0.623514
24.872615 65.076718 -0.401849 0.160390 0.146374 -0.750085 0.624678
24.756459 64.263636 -0.408082 0.162886 0.147284 -0.747235 0.627228
24.603227 63.422467 -0.411964 0.165053 0.149609 -0.744151 0.629773
24.492039 62.571981 -0.443944 0.162866 0.152791 -0.741946 0.632175
24.362144 61.760670 -0.428928 0.159544 0.145780 -0.739756 0.637225
24.270017 60.932488 -0.416983 0.157621 0.148577 -0.732365 0.645540
24.177277 60.131626 -0.453695 0.153106 0.148466 -0.734271 0.644487
24.098753 59.306846 -0.451685 0.155115 0.150162 -0.740395 0.636558
23.971905 58.421681 -0.461394 0.151893 0.153985 -0.725686 0.653144
23.862683 57.621561 -0.455741 0.154773 0.146293 -0.747484 0.629215
23.749424 56.799884 -0.460057 0.157064 0.144381 -0.747097 0.629548
23.628593 55.982004 -0.454326 0.155101 0.147463 -0.734021 0.644525
23.551332 55.138168 -0.446418 0.150041 0.153529 -0.717583 0.662564
23.533604 54.252350 -0.456165 0.151970 0.154546 -0.724289 0.654542
23.478266 53.431233 -0.470619 0.146633 0.150149 -0.723671 0.657460
23.425718 52.594772 -0.469255 0.145405 0.159073 -0.703814 0.676903
23.429603 51.724488 -0.463920 0.138424 0.164093 -0.680836 0.700267
23.522620 50.828666 -0.477306 0.140921 0.167978 -0.670970 0.708325
23.580807 49.979110 -0.487657 0.144445 0.170530 -0.675611 0.702570
23.633656 49.109476 -0.489979 0.146837 0.167750 -0.671414 0.706754
23.703033 48.294099 -0.521137 0.144267 0.174573 -0.657969 0.718184
23.737587 47.415045 -0.536827 0.156802 0.158209 -0.730155 0.645954
23.604752 46.592300 -0.548812 0.156718 0.151351 -0.745565 0.629814
23.497556 45.773520 -0.545396 0.152908 0.156063 -0.732592 0.644649
23.378267 44.982342 -0.551471 0.151590 0.149383 -0.750937 0.625139
23.259169 44.125286 -0.566616 0.153998 0.150498 -0.753323 0.621401
23.123635 43.327343 -0.576099 0.154139 0.151227 -0.752771 0.621858
22.989153 42.528493 -0.574930 0.154004 0.152592 -0.747080 0.628387
22.959717 41.717006 -0.576999 0.143231 0.174261 -0.664983 0.711980
23.070012 40.856510 -0.596697 0.131804 0.174250 -0.627431 0.747392
23.182760 40.042266 -0.606071 0.134942 0.173106 -0.638148 0.737965
23.314701 39.170321 -0.628118 0.138077 0.167318 -0.662175 0.717262
23.331764 38.341377 -0.633470 0.147088 0.158445 -0.699560 0.681084
23.329312 37.485293 -0.631002 0.148193 0.153043 -0.715924 0.664883
23.290097 36.621728 -0.630612 0.151898 0.153780 -0.720031 0.659420
23.200530 35.745807 -0.651704 0.150068 0.155266 -0.721312 0.658089
23.136190 34.937070 -0.645982 0.152656 0.157616 -0.718763 0.659722
23.083386 34.110603 -0.655438 0.152705 0.156239 -0.718871 0.659921
23.023731 33.249505 -0.666168 0.154974 0.155111 -0.721490 0.656792
22.981953 32.393561 -0.668088 0.151192 0.154291 -0.724858 0.654153
22.893952 31.585964 -0.678845 0.151032 0.154640 -0.721689 0.657602
22.840916 30.736438 -0.688602 0.150592 0.156720 -0.717529 0.661750
22.800691 29.910951 -0.696947 0.150648 0.154618 -0.722975 0.656282
22.722747 29.096340 -0.705099 0.151933 0.159253 -0.721357 0.656657
22.654278 28.248777 -0.712973 0.151237 0.154327 -0.729271 0.649211
22.564425 27.443061 -0.717826 0.150783 0.151978 -0.730419 0.648580
22.487437 26.606827 -0.721315 0.153976 0.156869 -0.727827 0.649578
22.409024 25.791516 -0.735479 0.157003 0.158321 -0.727581 0.648777
22.347752 24.958791 -0.749515 0.153451 0.159118 -0.728723 0.648149
22.258910 24.137890 -0.739336 0.152257 0.153535 -0.737040 0.640326
22.169959 23.251111 -0.755170 0.152101 0.152197 -0.731399 0.647115
22.033013 22.409216 -0.759800 0.158867 0.142466 -0.766931 0.605212
21.827528 21.562397 -0.764706 0.164131 0.139079 -0.780582 0.586864
21.628381 20.779766 -0.751955 0.156347 0.139223 -0.774640 0.596745
21.433904 19.979139 -0.748911 0.155526 0.139753 -0.774469 0.597058
21.233295 19.160314 -0.743314 0.155206 0.135023 -0.774980 0.597567
21.051386 18.378611 -0.728333 0.158059 0.135458 -0.774950 0.596758
20.858033 17.601627 -0.747067 0.158081 0.135880 -0.772247 0.600151
20.637342 16.737625 -0.701962 0.156753 0.131127 -0.774980 0.598030
20.447458 15.950770 -0.696760 0.154559 0.132415 -0.775831 0.597213
20.268731 15.165876 -0.697730 0.157433 0.134093 -0.774586 0.597704
20.033245 14.304713 -0.666293 0.159483 0.123022 -0.806849 0.555361
19.706147 13.533527 -0.648930 0.166821 0.105822 -0.843103 0.500150
19.339516 12.815076 -0.618553 0.169638 0.106826 -0.840011 0.504175
18.952444 12.106815 -0.604305 0.170812 0.110049 -0.839131 0.504551
18.606889 11.377284 -0.594651 0.169615 0.109640 -0.832555 0.515811
18.226573 10.600104 -0.570834 0.168041 0.113418 -0.834088 0.513026
17.860057 9.846555 -0.537627 0.160509 0.107173 -0.829387 0.524279
17.501483 9.111704 -0.549210 0.176242 0.112228 -0.846113 0.490344
17.016265 8.463930 -0.522924 0.189084 0.081431 -0.910606 0.358347
16.336430 7.930266 -0.507802 0.191187 0.067321 -0.933323 0.296352
15.680732 7.428330 -0.493887 0.179785 0.065060 -0.931602 0.309131
15.037175 6.910865 -0.469726 0.189015 0.072387 -0.923383 0.326185
14.388011 6.339070 -0.438239 0.175675 0.076248 -0.920213 0.341369
13.762151 5.777950 -0.412744 0.185977 0.079110 -0.917208 0.343341
13.157097 5.235774 -0.387367 0.181877 0.075518 -0.917622 0.345235
12.524303 4.649074 -0.349584 0.180265 0.072520 -0.917298 0.347576
11.916479 4.111155 -0.312634 0.181128 0.075225 -0.914020 0.355108
11.280467 3.499323 -0.283652 0.174715 0.073598 -0.920096 0.342754
10.647284 2.918623 -0.240378 0.170982 0.077584 -0.921913 0.338855
9.964114 2.323227 -0.192754 0.175281 0.086066 -0.921761 0.335000
9.335394 1.748372 -0.146149 0.166947 0.079127 -0.924323 0.333908
8.713911 1.215506 -0.103194 0.167005 0.074050 -0.932657 0.311090
7.962792 0.827497 -0.041750 0.183649 0.036752 -0.972388 0.139224
7.094564 0.660963 -0.028101 0.211362 0.012298 -0.976953 0.027154
6.271281 0.620215 -0.024663 0.209636 0.014910 -0.977520 0.016894
5.454002 0.587584 -0.013410 0.208273 0.012925 -0.977786 0.019724
4.633859 0.539674 -0.002476 0.203107 0.012715 -0.978883 0.019330
3.832370 0.488328 0.018831 0.204091 0.015702 -0.978683 0.016720
3.031921 0.456246 0.032006 0.204815 0.013560 -0.978582 0.015628
2.158013 0.415894 0.035144 0.208518 0.011353 -0.977660 0.023929
1.353013 0.292546 0.038389 0.203846 0.058805 -0.947985 0.237303
