1 209.66879194709145 133.62713010751517 8.004190423686033
2 14.1846152354231 95.41287050295726 1.8154776173050031
3 13.030880077445792 87.19892214840503 2.401961199948637
4 10.87212868645767 76.73995621294293 2.5173148457665118
5 7.824355173107959 57.093454233428815 2.4669784344195946
6 7.3239335735824005 1.6804643927643146 -0.20316285320469288
7 13.766054231612408 7.476519998956899 -0.5343877726891002
8 18.301019914222486 14.894014705311168 -0.7940492756438978
9 20.453888393029935 21.683337653555522 -0.813401461011026
10 21.04974994659424 28.86025635401408 -0.7586731374263763
11 21.337807155165024 35.523663206639974 -0.8075007340185169
12 21.688957495438427 43.18854494596783 -0.6323012966858713
13 21.959251078001387 49.82105772788047 -0.5341507304003412
14 22.279532656175405 56.00465649079327 -0.6134223590659288
15 23.01176429395614 62.591625579789856 -0.5923484088804757
16 24.050355609421416 68.71106943049011 -0.5606860520353083
17 24.751289723294427 72.91921731070329 -0.38016859240382594
18 26.36666845289703 78.90953318772723 -0.24488524842184262
19 28.815446634347836 84.62463309848819 2.6366697163626016
20 24.33997882404281 86.42643964261302 -0.1387402378014752
21 41.1988560716894 94.35827131979431 2.5645584097804908
22 28.976003023366193 93.56954718835252 -0.2006956422766958
23 5.6785728033162775 34.914223012999635 2.372865726036665
24 4.5885212783028315 21.804647816094167 2.3969940774172733
25 16.746578344998703 103.89596651834341 2.3922813997842507
26 19.608494784512988 120.36243600920683 2.2260013746017155
27 35.12438190043246 102.57197886818228 -0.23506134707436943
28 41.14343160112014 108.60343007247658 -0.2049493214285628
29 60.63020453999771 112.70619574611678 2.563378970277105
30 48.27226386055005 113.07595503651939 -0.2775500336688476
31 55.67924560095518 106.99721756611211 -0.6796015320443979
32 55.36523093638007 117.4663085676266 -0.3064151554094871
33 63.24513371785482 120.58997840212102 -0.1988093398119274
34 60.12947039070863 105.45730338540939 -1.1759608879704764
35 65.663034610582 107.49406124072186 -1.2092891407338215
36 68.52256470364944 111.72419577937035 -0.8195861191393662
37 50.13059650651013 102.38418492615935 -0.6353702250848248
38 54.875651447668425 101.97957564195646 -1.1538777761677277
39 50.62610409866124 97.39223706641761 -1.156391735306136
40 45.4680244811658 96.772526854495 -0.5811017176513756
41 71.0054692914409 122.55659743278257 -0.1719178927521552
42 78.85281233603499 123.19230021565511 -0.32981087511099877
43 86.49104598999024 123.15263381958007 -0.11959118749015034
44 95.62394000849788 122.11136425655077 2.6525160698709085
45 104.58250307041884 123.7340606465528 -0.284066570756477
46 109.93934525383844 119.20051087273492 -0.1307853462898897
47 116.55323948935857 115.34006663731166 -0.1571145523043852
48 122.6960704408843 112.45809717287962 -0.21416584616419912
49 136.9626336348684 102.07178095767372 2.50429021214184
50 129.32176574707032 109.66073143005372 -0.29184961020946504
51 136.60310303931143 106.98709869384766 -0.38212350010871887
52 142.16656904954178 95.96301885751578 -0.5573615512022605
53 147.2514662000868 90.14611223008897 -0.8067746175660028
54 152.37466158185686 84.57305254255023 -0.8790101408958435
55 163.74754130045574 74.50438283284505 1.501503046353658
56 157.90086161295574 79.12093794080945 -1.1422352525922987
57 169.23616245814733 89.50062424795968 -1.3266699314117432
58 175.8407035266166 102.52962368391293 1.7070336811470264
59 172.35451775628167 96.37462286047034 -1.2384070222442214
60 182.64200044514408 111.62921824998674 -1.2703236349715143
61 188.45071673183776 117.09352248793512 -1.2380918895357957
62 195.19967486407305 121.00341879354941 -1.1055952954936672
63 202.5253618301884 118.4018910315729 -1.0017539993409188
64 208.31143929617747 118.37698102678571 -1.0025510804993765
65 161.10462951660156 104.72953923543294 -0.835078877210617
66 152.78896484375 104.63089477539063 -0.6666361582279205
67 145.82341631721047 105.17461440142463 -0.5537450576529783
68 99.49319193913387 128.48807819073016 -0.11384959623981745
69 92.49641544657543 133.38740447768592 -0.12236905163390338
70 85.81569736561876 137.6111005417844 0.03986873620863449
71 78.05724551460959 140.77406016263095 0.0426341954530058
72 70.09421743480075 142.09435172902738 0.11709834772634545
73 62.21697732726455 142.40416697389293 -0.04445580696618651
74 54.48085116524982 141.15257602267795 0.020369740091085147
75 46.26565326891448 138.35747680664062 -0.06623778111718007
76 39.22809236314561 134.20663604736328 -0.07893763856522532
77 33.05246399773492 128.35132615831162 -0.22036096188757154
78 -8.133611052869314 0.19192921307852426 2.4655864813241615
79 -2.298319982666238 80.79836107943689 2.4692159951481125
80 -3.916334388209499 61.576509822849395 2.417216853993372
81 -5.604980265100797 40.50783642133077 2.386072381089131
82 168.81339285714284 106.01004464285714 -1.0031022344316756
