1 252.48480837563645 4.0038938911978645 1.474539835180321
2 47.92324170849105 7.793333669179971 0.14694099692958185
3 4.270246889041021 0.9344969843442623 0.045538776343192484
4 18.757963794483924 1.8517730336817486 0.004558032819159249
5 19.258827997252908 -6.775474623273093 -0.014439394652874873
6 18.368845252946638 8.824349816049025 -0.005404364596707978
7 23.010521009993575 14.735199991972914 0.07921726467874825
8 14.90773946992003 14.330764143318122 0.11093305179828089
9 6.695664112225295 13.876785916651032 0.043865640164048716
10 3.893463682132004 7.909531080816562 -0.023331520965124305
11 -1.6207558100275556 13.420442986159575 0.014924050352273302
12 4.836674256164034 -7.576859909490448 -0.015682433069308298
13 -5.337845984812545 4.991593572483931 0.04394529387205849
14 5.2724175106344795 -14.678855266317715 -0.11417544288378614
15 19.62462976217621 -13.739367171564169 -0.06562203138546291
16 21.695920028626578 -19.34895823838754 3.1023370229232206
17 32.03217886398451 -19.517615207760056 0.026594981255583065
18 4.146998122265504 -20.400813266707935 3.0408138385110677
19 21.391419968023605 -28.33954034496101 -0.12316494503558514
20 39.05566064860278 -19.07942589089973 0.035251519812384745
21 48.62270117876196 -18.50841838455848 0.09751477910865955
22 56.80880106374347 -18.003529597123755 0.08682182642501711
23 65.10765662114325 -17.481628605433233 0.15589517421822072
24 73.98260350142918 -16.989623271763765 0.21152674695826917
25 80.70310785575549 -16.58893606136496 0.2500876015475594
26 89.18121158903575 -16.111391812973142 0.32475139363420746
27 96.25396171834055 -1.5597193354131313 3.6306898157842586
28 105.0551086914597 -15.21341436670832 0.4453342460234537
29 113.85726239139969 -14.676796157829951 0.47215458913672415
30 116.68788694293112 -0.2056840610287356 3.71949656567491
31 156.02800734693668 -8.388284642865043 3.7121799955077965
32 155.68848123465395 -1.9246618166861587 3.849903340091448
33 164.9953233507486 -7.758896463279686 3.8840978500801837
34 164.65805498040365 -1.3797900226727948 3.903086632634426
35 174.05847184876552 -7.216183401349915 4.019294811908635
36 173.66742837892855 -0.8246573260019435 4.099342546734099
37 191.70366972487173 0.32414200444561736 4.294702159067345
38 192.0647662369595 -6.100448914321028 4.234275995537524
39 201.00195096994037 -5.606731761138766 4.2610441653077356
40 200.68315000685422 0.8321908513741434 4.388583054163107
41 209.72894156661613 1.3746764385152646 4.393225008662965
42 210.0645001445745 -5.078328880445955 4.266183942854122
43 262.55127623473555 -1.6469713651214075 1.558559106253336
44 256.9648605797693 -1.9286497179386757 1.4997111423751444
45 271.87279505990284 -14.029096027159104 4.725420496917903
46 238.7481270836926 -22.620060220177923 4.594115481774564
47 216.20599268288564 -24.589566303846784 4.411240134325274
48 216.86697732851272 -26.57376912490449 1.5405858602788804
49 204.26637619812598 -41.12088376387993 3.5775052395051263
50 194.6351681679707 -61.930008994595674 3.139958477734132
51 156.25232445322848 -46.293395308711005 3.732779198812878
52 150.71137072560842 -30.470623776466216 3.9616254712785848
53 243.92955687729702 26.934210017969495 3.064080927526061
54 243.557190306957 33.20592727464862 3.4718610717520377
55 234.57381920053177 32.71753833674583 3.44241211394302
56 234.21916195448014 39.046290845118506 3.4579705652890813
57 243.14362321813084 39.5403957426243 3.4915371561822277
58 242.8066880526137 45.80515394190862 3.161084973667324
59 233.80464879072906 45.38467105884457 3.1063225859020376
60 248.46984459311653 61.542004520910965 4.384557905410281
61 241.0434841947224 62.74814061469784 2.2143606660059434
62 266.63771576296773 68.13961824722605 5.450297660117458
63 229.37125457176592 58.58930811937416 4.275297000919478
64 225.5774760361292 51.13065456463327 1.7248017523932153
65 213.37487577509032 57.80252263355005 4.20103307812855
66 192.32044757851918 56.41194973349883 4.208930886245632
67 194.776182262314 47.0500187699555 1.5455506321892512
68 170.44372666692422 43.88691951312734 1.6525680452557265
69 168.51585977210226 55.03026042600604 3.9896051979274314
70 150.09499460882031 53.84635357618502 3.85835751518406
71 130.23014134482938 52.69867804201637 3.877685943561034
72 126.51158335933765 64.272732940631 3.913076528159334
73 103.23299049744297 67.42971070141634 4.127971845445994
74 124.94509631548613 80.40901830982583 3.9448920458398793
75 102.095669174294 86.2360965992327 4.199572741258352
76 108.27689561897202 93.98692428509638 3.8234573577877105
77 100.65835323552378 104.12881821569067 3.861726977487556
78 127.56473364382785 20.06916091771589 2.1868752805881493
79 127.15335243065887 26.25862049617707 2.557065236346118
80 126.80727855174682 32.57023184302532 2.5846779779458595
81 117.5006644842768 38.22666154072686 2.4470818326473776
82 98.54674848984287 10.755147256343331 0.5637314492666332
83 80.46373959495067 9.697279811198682 0.4554861413320903
84 75.15028352861361 -2.823372952924978 3.5328775771009835
85 87.94729673313125 10.174480288500488 0.45494261407713915
86 55.58101109095982 -4.01915396962847 3.429107189178467
87 57.41791821470355 8.396122734145363 0.3516909964013808
88 32.875422091710774 -5.410449435913444 3.192660332976719
89 37.001710285719554 7.043797433135982 0.13621562798516193
90 26.936569814888355 6.4576194951181805 0.1107945492863778
91 202.63575855754135 -66.20306915740542 3.027264243151789
92 251.1725364142353 -15.294619483347924 4.630307945280537
93 -13.781849479410251 -8.147572224139106 3.152329872744817
