1 28.5422721862793 -17.25776705308394 9.122285977276889
2 58.232549365840654 -19.576188012055667 8.915553503009845
3 12.620470438334978 -4.392308096333493 -0.09262219120722305
4 16.520167168367966 1.455448575327225 2.5539922154606183
5 31.49136604870092 -0.0754609726054698 2.568298408343383
6 25.952614042494034 -8.483247650994194 -0.1392387188227278
7 46.54594890546177 -1.6154520137431654 2.435431476312292
8 61.2967203565238 -3.119292878778814 2.2750974994892577
9 76.3875644312116 -4.578340096446895 2.1321658567587947
10 72.9545166214868 -17.903984346496795 -0.7134724499762752
11 79.41985726344653 -18.61442751917349 -0.7672587650601571
12 86.73500750357644 -20.195811438978765 -0.8220490243351251
13 91.33581337464905 -6.120516639909983 1.9079574180364134
14 106.26833629528264 -7.710766249886965 1.7150005224877722
15 100.13663483583682 -24.367721326549102 -1.0792151055178587
16 106.61259816092475 -25.435587844322917 -1.1862713066558008
17 nan nan nan
18 121.26180578158785 -9.221560411272282 1.5579878821817263
19 nan nan nan
20 143.58914492207188 -22.10336971282959 -1.5643059332524576
21 151.22186955298133 -12.318120290468997 0.9521513831505989
22 136.19011255967493 -10.746944689313509 1.3194372389203364
23 166.21342210005344 -13.787542277610546 0.677991213752727
24 181.0685399198503 -15.346308989172007 0.39717343748085915
25 172.7996984616374 -23.49903440880426 -2.129645195805714
26 195.86784830866165 -16.999588029569743 -0.14308916533598257
27 189.13389537806336 -34.82665233493774 -2.7015156562078224
28 181.65813636779785 -35.7875195127545 -2.2886124208117975
29 167.28831759112535 -40.56577482244935 -1.9468969520659132
30 160.1792143564611 -43.4031665675329 -2.083335516521236
31 153.2129703524567 -46.037075135467326 -2.2460062323137575
32 204.14331210743296 -35.42816912044179 -2.9374036978591573
33 211.0975268742453 -18.45992352355101 -0.3650370144094089
34 226.03146444504793 -20.05810294417502 -0.732245547401864
35 219.12445960047694 -37.45148656504719 -3.449965666056355
36 248.43218536340743 -43.135096178300024 -3.824069470737955
37 254.95929491997472 -46.692294746154616 -3.82422111229327
38 274.17607292644874 -56.601429535783666 -5.165912694562672
39 240.95345814259014 -21.516698590255643 -1.3317104679965617
40 256.2948923537783 -30.87221238944294 -4.293848243794413
41 255.97261338805063 -23.140882326169855 -1.5585635693110294
42 270.87842044102814 -24.695810994010113 -2.00175638139275
43 263.81362181251603 -30.87209714307299 -4.450920311374461
44 285.8280296638028 -26.292392073507706 -2.43969281030645
45 292.7438777549144 -42.261431881662354 -5.428460962279722
46 300.53822847394986 -44.03416245901119 -5.61895382401083
47 308.15941409820283 -44.97995566127717 -5.89223796055208
48 300.7836277742599 -27.96248922103856 -2.805819130652502
49 323.623224103491 -43.1109079853753 -6.259371297098655
50 316.19188528349906 -44.830693678422406 -6.042530666698109
51 315.7528986617514 -29.48837198110381 -3.2865615027436035
52 345.5851874901884 -32.58328814100466 -4.202106851631454
53 331.53327538640235 -41.4030475012106 -6.445500408461518
54 339.0528194375725 -40.43012887089996 -6.651226347069587
55 347.0811323773001 -39.96977190915589 -6.882604304126995
56 360.4925747825666 -34.185295052616596 -4.655997346381348
57 354.6493532041245 -40.18041726980017 -7.08546596926263
58 375.48188075747845 -35.81005571973322 -5.164262189988791
59 362.6103511118185 -41.10650442421185 -7.281257305467179
60 370.14461200960136 -42.29260123133505 -7.56553510992447
61 377.8740515915928 -44.13215384907594 -7.855371933655287
62 390.37512138713925 -37.37976037878502 -5.649373127546076
63 384.5144454050536 -46.43917380122509 -8.08916621898663
64 391.4394014963619 -49.15842414152692 -8.33771021143231
65 405.3584380109992 -39.02974308410213 -6.165274892870294
66 420.210388236622 -40.45314063151932 -6.625192275905487
67 435.1703282455596 -42.068197809655 -7.174566584417449
68 419.7429850343149 -61.22438362023554 -9.344138831269623
69 412.29408062781687 -63.16060538304335 -9.208842522397457
70 450.16062435314575 -43.664909973816265 -7.565764268497875
71 442.2498818359375 -54.43900537109375 -10.020719955444337
72 442.53502691509004 -46.607676561928436 -9.598966773187925
73 434.71142950982 -56.67450707163715 -9.795669357191933
74 449.78590270036017 -53.250640150299475 -10.278133212523297
75 465.16405512203147 -45.24714894755907 -8.127701879601288
76 457.57657832246883 -52.299004676349334 -10.460442654481442
77 465.27487115175023 -52.38805142818894 -10.664202811309647
78 480.0725768034424 -46.759210831461075 -8.63211410699859
79 472.8772069544605 -52.892612699815885 -10.9876756805401
80 480.8399621446505 -53.823138151821276 -11.227122446067325
81 495.02240934500225 -48.339402781573895 -9.19750306392527
82 489.9476985204012 -55.72762200554531 -11.594184412578414
83 510.123442362972 -49.7887499679731 -9.745882708155207
84 507.3328491548641 -61.98412839361852 -12.372695476951842
85 523.3703959805101 -65.97999001953775 -13.036842457282193
86 525.0122966443167 -51.31254554127417 -10.309046746239952
87 540.0453026127196 -52.81304033794476 -10.971363322320448
88 519.4586796702191 -68.4541145891626 -12.75990568366028
89 543.7969975148765 -68.27463672133645 -14.056898694511993
90 554.988891157066 -54.39851337258098 -11.583825118677142
91 569.8818213562344 -55.853066723642925 -12.266653848677413
92 584.7000020275533 -57.417398167325196 -12.96766721305824
93 582.795271950053 -61.862022632347085 -15.47634051067287
94 590.4655375025593 -64.20653303474991 -15.883114859964156
95 574.9055465698242 -61.112976264953616 -15.083642760912577
96 1.673825611008538 2.920075276162889 2.5547629488839045
97 -13.333522530737387 4.422672481422664 2.424073776218096
