1 nan nan nan
2 nan nan nan
3 -71.09177714145794 -41.148546175263206 1.6061123738065792
4 -78.23105958945649 86.60667444888436 -0.1682769244880197
5 -94.4586109184902 80.0691436009185 -0.25596103442694434
6 -20.947588304756675 92.1029592370681 2.780888014924921
7 -13.989453334112136 55.5614504573079 2.486239542703794
8 -163.69791838661615 -45.921070454971016 6.1625043233648125
9 -167.6135023621479 -26.974773842716633 6.240693138445504
10 -159.1778101961155 -66.77791334065321 6.211979019122888
11 8.573394062769951 -0.25180520221541913 2.815958581865802
12 16.604467022592175 12.194967210777348 2.9267799126332976
13 26.056646253582294 7.1282212240692235 3.0456543018613904
14 -10.460368849182272 13.869008692258529 2.228484348784109
15 1.3668864073095262 21.679222908651443 -0.12419108359985274
16 -0.6726884865334208 30.157024316768148 -0.05869196634320234
17 -9.698807753099672 34.5445292678857 2.3291851741027294
18 -4.764624585637881 47.46058613362946 0.08527916615243059
19 -6.688122756559234 55.660906633846906 0.1354046446200998
20 -8.044389230847987 63.0320891383356 0.29311936384772164
21 -8.620807914073664 70.92010900074376 0.3619449113915662
22 -18.369539864850946 65.5104284030901 0.49644788564252296
23 -9.09947020285563 78.45555140156479 0.35935306099131176
24 -9.46492774535215 84.66386190951006 0.3882772439537439
25 -17.911199158430957 76.17288479728523 2.679086329860251
26 -12.717662402628378 93.58496347427389 0.4508340221809782
27 -15.23021119280428 100.44914035899576 0.48857477229956214
28 -3.1186282905057165 84.29434694297383 0.3963639643062236
29 20.782204938429725 75.93402649822994 -1.1611211334578886
30 23.601988343563843 69.15822129953855 -1.2122073516771332
31 26.510367216471646 62.207826726359684 -1.2914371830534859
32 27.22636319596034 55.63058234931086 -1.3145612762581085
33 18.090182687691527 83.10442783516304 -1.1693305707004518
34 -0.6888686598059001 -16.265536131540742 2.667649185279009
35 -13.44997209271669 -27.4492390385273 2.5730864193156724
36 -25.186039841987363 -33.75525874398764 2.5381946155159842
37 -38.92082247374411 -32.22528180928468 1.8519996899927442
38 -50.542069092121515 -39.175711396489824 1.7526585761439253
39 -91.40362394527597 -44.587527168410396 1.547099444348808
40 -111.16931683041274 -48.892817395551674 1.458053718375628
41 -130.22330121019175 -52.69263911846749 1.4710744822616038
42 -147.33330535655566 -55.45595381405291 1.2919163356648935
43 -139.46695853700658 -35.07338391931572 2.0603086179875043
44 -138.42347186579988 -38.894750920395595 -0.5590435995853278
45 -156.2460140269183 -21.881328538359643 1.776444300940633
46 -12.816683845274008 21.14700474083073 0.27145174993000604
47 -19.75827816685038 -1.6968246953022001 2.6210511995413643
48 -36.99113812850792 5.069558764759309 2.0457418318269776
49 -38.14553447587805 -12.364667995621081 2.0833511073023776
50 -61.15988144238117 9.592650080653067 -0.27551269160488556
51 -72.41350685346265 3.186033019399149 2.3182281989365894
52 -90.05244211489983 0.48202582045774284 2.2287431466583874
53 -107.23526203448758 -2.596270435778084 -0.7107535909895597
54 -103.03214041729812 -0.6758727102335681 -0.6910210987472613
55 -114.47642052170858 -0.9958337821560552 -0.7768721287125545
56 -115.61053121418111 12.216527280685435 -0.8107608736974584
57 -117.00586806165781 19.7567912398726 -0.8468659443298915
58 -120.69250150697702 34.87823271428891 -0.9369330434820022
59 nan nan nan
60 -47.54298858642578 -5.004150295257569 0.9634325265884399
61 -24.671956272147554 106.77977570466241 0.6318487772011483
62 -31.96222360506337 106.44467527728006 0.5415611240157039
63 -39.31330468328659 106.15326613519122 0.5046278095291908
64 -61.61625925783853 100.92568853226447 -0.03208387632837971
65 -67.94047780588066 95.69722612855388 -0.09292177176926213
66 -71.4409753732565 102.91160229953958 -0.04545049460203533
67 -55.828143161484086 95.27552497021527 -0.05424490628722601
68 -66.9760140000907 74.9472297939358 -0.19711833150051622
69 -59.39569800045006 83.1725133706642 -0.07586474969587963
70 -72.65186285847952 77.1095513946962 -0.2383652754862141
71 -83.6706615315509 82.9640139099422 -0.2712426734295824
72 -78.36721581357587 76.22438227165611 -0.25784791180533034
73 -89.6922940264314 78.05647950881045 -0.2847091721138263
74 -95.50801427732942 72.21385927496425 -0.3670106460501796
75 -81.80345306150475 72.5797791187991 -0.2267793859668298
76 -107.87079623522125 69.25668317288525 -0.499796750044257
77 -101.39115495202735 70.77903705574414 -0.43075914255682995
78 -114.48673333980953 68.20547642703694 -0.5377034073299336
79 nan nan nan
80 -132.65142047632116 64.2257506193914 -0.7520307863292989
81 nan nan nan
82 nan nan nan
83 nan nan nan
84 -116.13658362962595 48.95908590982018 -0.9265452524251607
