-0.009182 0.020994 0.021152 -0.013838 -0.013994 -0.000219 0.999806
0.780474 -0.119049 0.008531 -0.012974 -0.005207 -0.026543 0.999550
1.601288 -0.265522 0.013820 -0.015436 -0.012271 -0.032476 0.999278
2.419658 -0.433088 0.022539 -0.013924 -0.014908 -0.035670 0.999155
3.265996 -0.614510 0.018773 -0.010407 -0.007465 -0.037919 0.999199
4.071797 -0.762017 0.011882 -0.014090 -0.009321 -0.014845 0.999747
4.927016 -0.831667 0.015591 -0.014639 -0.015274 0.050257 0.998512
5.745252 -0.802407 0.017817 -0.011529 -0.015362 0.112079 0.993514
6.597802 -0.714812 0.023475 -0.011427 -0.011947 0.109950 0.993800
7.410699 -0.649382 0.015332 -0.010199 -0.011320 0.111371 0.993662
8.251904 -0.578121 0.016320 -0.011564 -0.015341 0.115192 0.993157
9.075235 -0.501542 0.025602 -0.011778 -0.019974 0.101395 0.994576
9.904390 -0.471369 0.022046 -0.011051 -0.010315 0.084623 0.996298
10.718690 -0.427377 0.016297 -0.014796 -0.013369 0.077875 0.996764
11.537704 -0.438390 0.025475 -0.013077 -0.019484 0.041236 0.998874
12.337087 -0.473105 0.027145 -0.011884 -0.009441 0.015560 0.999764
13.128063 -0.699576 0.021659 -0.013377 -0.010802 -0.090595 0.995739
13.891602 -0.949962 0.016684 -0.014715 -0.009595 -0.096203 0.995207
14.663162 -1.218153 0.019791 -0.015142 -0.011704 -0.101652 0.994636
15.387328 -1.559881 0.023215 -0.013219 -0.013826 -0.106660 0.994112
16.190506 -1.741230 0.028213 -0.014492 -0.018799 -0.047825 0.998574
17.021434 -1.878428 0.040107 -0.010336 -0.017986 0.021846 0.999546
17.817918 -1.771981 0.042877 -0.013594 -0.017871 0.220618 0.975102
18.593366 -1.523301 0.036349 -0.010961 -0.017205 0.215655 0.976257
19.357762 -1.279156 0.048208 -0.010396 -0.015163 0.213506 0.976769
20.146643 -1.028673 0.047612 -0.008462 -0.015562 0.237027 0.971342
20.908815 -0.739047 0.040583 -0.005078 -0.014822 0.249738 0.968187
21.676675 -0.429402 0.042486 -0.013389 -0.014373 0.253955 0.967016
22.452834 -0.071257 0.036225 -0.010375 -0.016331 0.263408 0.964491
23.206091 0.263460 0.046161 -0.004278 -0.014721 0.281623 0.959403
22.512087 -0.136533 0.041413 -0.008709 -0.020139 0.317604 0.947970
21.741409 -0.474329 0.036480 -0.014117 -0.015713 0.179563 0.983520
22.423771 -0.913133 0.043034 -0.014120 -0.006026 -0.232902 0.972379
23.054541 -1.435731 0.039070 -0.017654 -0.003665 -0.291046 0.956539
23.686235 -1.982515 0.021037 -0.017237 -0.000301 -0.285836 0.958123
24.340646 -2.531011 0.012683 -0.018156 -0.004513 -0.287611 0.957565
25.078076 -2.956392 0.012136 -0.012101 -0.006869 -0.060796 0.998053
25.907992 -2.965083 0.004234 -0.008595 -0.013752 0.181908 0.983182
26.705711 -2.795775 0.008108 -0.011657 -0.011477 0.156299 0.987574
27.535046 -2.724337 -0.002486 -0.014074 -0.013382 0.062066 0.997883
28.330914 -2.806557 0.000853 -0.013714 -0.012266 -0.010560 0.999775
29.175664 -2.883078 0.010445 -0.012132 -0.014200 0.047149 0.998713
30.010359 -2.945553 0.009696 -0.011749 -0.014246 0.034284 0.999242
30.841561 -2.987685 0.006901 -0.010757 -0.014002 0.079612 0.996670
31.663154 -2.852983 0.015520 -0.013082 -0.014057 0.193663 0.980880
32.421615 -2.515749 0.013249 -0.010550 -0.019404 0.354560 0.934772
33.118493 -2.036140 0.017763 -0.014491 -0.017961 0.344451 0.938520
33.797480 -1.607137 0.026997 -0.008641 -0.019483 0.343321 0.938976
34.483317 -1.126234 0.025795 -0.007598 -0.018480 0.377827 0.925661
33.882342 -1.689789 0.025539 -0.006622 -0.021297 0.412958 0.910477
33.196605 -2.182216 0.023089 -0.012298 -0.020464 0.257645 0.965945
33.986909 -2.547310 0.025700 -0.014676 -0.011784 -0.046321 0.998749
34.791316 -2.731714 0.012941 -0.012108 -0.012566 -0.047730 0.998708
35.633672 -2.920830 0.010496 -0.012510 -0.011454 -0.047127 0.998745
36.461820 -3.108044 0.011199 -0.013401 -0.011689 -0.048176 0.998681
37.314537 -3.283190 0.017001 -0.013494 -0.012157 -0.044453 0.998846
38.101723 -3.473052 0.031012 -0.010109 -0.019838 -0.033361 0.999195
38.909615 -3.615350 0.040544 -0.015555 -0.011239 -0.036616 0.999145
39.731278 -3.779461 0.024116 -0.014875 -0.004767 -0.038798 0.999125
40.541325 -3.950711 0.009910 -0.015341 -0.010779 -0.043791 0.998865
41.340085 -4.132657 0.012128 -0.013895 -0.010954 -0.044630 0.998847
42.145001 -4.321298 0.010004 -0.015363 -0.010763 -0.051799 0.998481
42.975818 -4.392604 0.017579 -0.012518 -0.015437 0.137100 0.990358
43.728419 -4.062627 0.021179 -0.008732 -0.017164 0.382500 0.923755
44.366212 -3.518042 0.018676 -0.007268 -0.015904 0.399509 0.916562
45.018459 -2.975922 0.006946 -0.008513 -0.015324 0.396501 0.917867
45.667770 -2.455574 0.020521 -0.008053 -0.017822 0.398487 0.916966
45.036421 -2.968266 0.024074 -0.010895 -0.016280 0.208996 0.977720
45.719352 -3.399470 0.010986 -0.016623 -0.010742 -0.156773 0.987436
46.461218 -3.752818 0.010249 -0.016364 -0.009877 -0.163799 0.986309
47.186597 -4.103155 0.009684 -0.015780 -0.008489 -0.142907 0.989574
47.986544 -4.407539 0.015040 -0.015176 -0.011871 -0.085283 0.996170
48.771943 -4.592909 0.005879 -0.014030 -0.009984 -0.016948 0.999708
49.634425 -4.689553 0.010396 -0.015143 -0.013017 0.012995 0.999716
50.474146 -4.783729 0.012598 -0.014231 -0.010830 0.001212 0.999839
51.307955 -4.884576 0.017841 -0.015370 -0.012018 -0.000413 0.999810
52.167681 -4.992921 0.023540 -0.016865 -0.010729 -0.002328 0.999797
53.039021 -5.111109 0.010995 -0.017027 -0.012490 -0.004062 0.999769
53.899513 -5.218033 0.013961 -0.014342 -0.011126 0.001276 0.999834
54.741898 -5.327127 0.012977 -0.016335 -0.011848 0.004144 0.999788
55.555467 -5.311153 0.017112 -0.008905 -0.016284 0.254423 0.966915
56.103750 -4.726835 0.011708 -0.002662 -0.016850 0.546226 0.837464
56.531560 -4.035787 0.009389 -0.006192 -0.018412 0.543491 0.839190
57.262265 -4.403091 0.008198 -0.018669 -0.008567 -0.155235 0.987664
58.022344 -4.721133 0.006047 -0.015485 -0.007476 -0.149154 0.988664
58.794381 -5.088919 0.003069 -0.017622 -0.009309 -0.159038 0.987071
59.554596 -5.431424 -0.005401 -0.016353 -0.007093 -0.147856 0.988848
60.340689 -5.811632 -0.000971 -0.016537 -0.009761 -0.160808 0.986799
61.091023 -6.177871 0.000294 -0.019316 -0.011932 -0.163547 0.986274
61.832890 -6.535913 0.007240 -0.016759 -0.009068 -0.168038 0.985596
62.577457 -6.914793 -0.009648 -0.017381 -0.005956 -0.156816 0.987457
63.298957 -7.267116 -0.012670 -0.016453 -0.008488 -0.156507 0.987503
64.056248 -7.601208 -0.008092 -0.015617 -0.005896 -0.130179 0.991350
64.862377 -7.378298 -0.000268 -0.010752 -0.013834 0.278274 0.960342
65.643687 -7.045497 -0.003582 -0.010853 -0.014039 0.268363 0.963154
66.327415 -6.607412 0.006414 -0.010134 -0.016910 0.400986 0.915872
67.090233 -6.302159 0.001897 -0.015124 -0.014439 0.004326 0.999772
67.908190 -6.404791 -0.002494 -0.014963 -0.009415 0.002445 0.999841
68.716835 -6.506163 -0.008782 -0.013725 -0.009631 -0.009057 0.999818
69.577070 -6.668466 -0.021573 -0.014455 -0.008819 -0.029957 0.999408
70.413541 -6.854651 -0.008555 -0.015492 -0.010834 -0.063945 0.997774
71.222375 -7.069412 -0.004924 -0.014834 -0.014284 -0.066275 0.997589
72.020877 -7.309918 -0.015732 -0.015567 -0.005831 -0.087910 0.995990
72.793955 -7.534497 -0.013001 -0.019442 -0.009429 -0.079289 0.996617
73.597364 -7.783498 -0.017242 -0.013280 -0.010314 -0.084944 0.996244
74.412027 -8.029449 -0.016836 -0.014016 -0.010129 -0.086930 0.996064
75.232822 -8.249738 -0.007587 -0.014917 -0.009781 -0.024914 0.999530
76.031004 -8.376197 -0.026356 -0.014819 -0.010965 0.018568 0.999658
76.866954 -8.351816 -0.017033 -0.013607 -0.011895 0.148023 0.988819
77.625315 -8.087812 -0.015142 -0.011965 -0.015019 0.269038 0.962938
78.375039 -7.758049 -0.012906 -0.010729 -0.016452 0.311606 0.950008
78.975795 -7.167990 -0.021359 -0.004257 -0.012529 0.545133 0.838245
79.391664 -6.395933 -0.023263 -0.000161 -0.014580 0.569619 0.821780
80.136139 -5.975075 -0.039373 -0.016407 -0.007808 -0.217823 0.975819
80.889203 -6.466265 -0.035766 -0.016123 -0.008054 -0.226926 0.973745
81.615569 -6.929569 -0.039092 -0.017209 -0.007732 -0.224972 0.974183
82.300770 -7.387272 -0.036869 -0.018120 -0.008287 -0.235079 0.971772
83.057751 -7.915743 -0.037541 -0.017652 -0.007132 -0.232021 0.972524
83.841873 -8.445332 -0.044420 -0.018409 -0.008618 -0.234347 0.971940
84.735015 -9.043681 -0.038095 -0.018794 -0.004491 -0.238859 0.970862
85.512002 -8.629231 -0.055500 -0.007921 -0.014046 0.474517 0.880099
86.068116 -7.991814 -0.047532 -0.007902 -0.014298 0.475017 0.879825
85.399550 -8.458624 -0.047687 -0.015090 -0.013174 0.098275 0.994958
86.205433 -8.631265 -0.055241 -0.016685 -0.008586 -0.018365 0.999655
87.024263 -8.754284 -0.058597 -0.014589 -0.008802 -0.002501 0.999852
87.837360 -8.856697 -0.055987 -0.016833 -0.011465 -0.001740 0.999791
88.651132 -8.965710 -0.055396 -0.013503 -0.016097 0.013183 0.999692
89.460925 -9.076870 -0.067737 -0.013730 -0.010815 -0.003439 0.999841
90.281276 -9.182269 -0.075640 -0.014121 -0.009819 -0.005491 0.999837
91.080255 -9.289367 -0.070397 -0.014879 -0.010184 -0.009249 0.999795
91.937777 -9.429797 -0.076163 -0.015367 -0.009557 -0.012409 0.999759
92.760087 -9.546282 -0.073406 -0.016232 -0.010154 -0.014099 0.999717
93.602585 -9.686237 -0.068404 -0.014100 -0.011926 -0.017701 0.999673
94.427818 -9.813165 -0.070910 -0.011880 -0.012690 -0.005704 0.999833
95.245970 -9.817479 -0.074475 -0.008916 -0.012306 0.181499 0.983274
95.957003 -9.434195 -0.072092 -0.002448 -0.010891 0.433909 0.900888
96.491646 -8.798868 -0.079131 -0.002195 -0.012352 0.486118 0.873803
96.947977 -8.121055 -0.081273 -0.000839 -0.012378 0.533478 0.845723
97.363111 -7.422274 -0.081333 -0.003955 -0.013849 0.555022 0.831711
96.998665 -8.167119 -0.075472 0.001631 -0.016409 0.573768 0.818852
96.521955 -8.836485 -0.074841 -0.004319 -0.015769 0.401036 0.915916
95.800479 -9.202987 -0.067887 -0.009024 -0.010403 0.132411 0.991099
96.604816 -9.413361 -0.074068 -0.013865 -0.005827 -0.036581 0.999218
97.469622 -9.584820 -0.082636 -0.014674 -0.008361 -0.036634 0.999186
98.280762 -9.768029 -0.096145 -0.018030 -0.010197 -0.069605 0.997360
99.072623 -10.027031 -0.090551 -0.017854 -0.009666 -0.100676 0.994712
99.867673 -10.305200 -0.090354 -0.018161 -0.008915 -0.102676 0.994509
100.652182 -10.578933 -0.097693 -0.015120 -0.007387 -0.109893 0.993801
101.446164 -10.868731 -0.100286 -0.014394 -0.007748 -0.110080 0.993788
102.235560 -11.148216 -0.104021 -0.016956 -0.008153 -0.110510 0.993697
103.032897 -11.423088 -0.089906 -0.018544 -0.010029 -0.107507 0.993981
103.840326 -11.475401 -0.099018 -0.007529 -0.015451 0.448295 0.893721
104.410150 -10.900437 -0.104180 -0.011821 -0.016174 0.440885 0.897340
105.149351 -10.526791 -0.090837 -0.013516 -0.011002 -0.048049 0.998693
105.977385 -10.704032 -0.086728 -0.012455 -0.014462 -0.041233 0.998967
106.769304 -10.875528 -0.097115 -0.016453 -0.006998 -0.053538 0.998406
107.555297 -11.074867 -0.106264 -0.014640 -0.004885 -0.057339 0.998235
108.373387 -11.282240 -0.115069 -0.016993 -0.006861 -0.059366 0.998068
109.192813 -11.486001 -0.117173 -0.012868 -0.009064 -0.061895 0.997959
110.019206 -11.700668 -0.118834 -0.016286 -0.013094 -0.059300 0.998021
110.862407 -11.930404 -0.113248 -0.013787 -0.007255 -0.102838 0.994576
111.654894 -12.192411 -0.122418 -0.011033 -0.012151 -0.081673 0.996524
112.476314 -12.422750 -0.111969 -0.009300 -0.010884 -0.077410 0.996897
113.298970 -12.660946 -0.109247 -0.015208 -0.013899 -0.080095 0.996574
114.124079 -12.900701 -0.099361 -0.014798 -0.014668 -0.078368 0.996707
114.916552 -13.164320 -0.086892 -0.017348 -0.015671 -0.111296 0.993512
115.671840 -13.486005 -0.073976 -0.013046 -0.017988 -0.131896 0.991014
116.452244 -13.797180 -0.072952 -0.016493 -0.015202 -0.127801 0.991546
117.220444 -14.123875 -0.076649 -0.013108 -0.007062 -0.130899 0.991284
118.009272 -14.449032 -0.078250 -0.014534 -0.008506 -0.130554 0.991298
118.795846 -14.769799 -0.079353 -0.011625 -0.010943 -0.131623 0.991171
119.545274 -15.076069 -0.084209 -0.013169 -0.006103 -0.135107 0.990725
120.294773 -15.376631 -0.085183 -0.015460 -0.008936 -0.125815 0.991893
121.094197 -15.671749 -0.087555 -0.016706 -0.008493 -0.104392 0.994360
121.908615 -15.969212 -0.083331 -0.014262 -0.009744 -0.104520 0.994373
122.757321 -16.238655 -0.092553 -0.019371 -0.010283 -0.080648 0.996501
123.542930 -16.475508 -0.098826 -0.014790 -0.005509 -0.066482 0.997663
124.415027 -16.643843 -0.096078 -0.013378 -0.010917 -0.012481 0.999773
125.225003 -16.770174 -0.095071 -0.015237 -0.010992 -0.014670 0.999716
126.084274 -16.918852 -0.099904 -0.014695 -0.008971 -0.024575 0.999550
126.890557 -17.039987 -0.103002 -0.015110 -0.008391 0.012476 0.999773
127.766754 -17.128538 -0.108478 -0.017064 -0.008081 0.000808 0.999821
128.643975 -17.246661 -0.106664 -0.016136 -0.007476 -0.001409 0.999841
129.470776 -17.363364 -0.118340 -0.015711 -0.010029 -0.003006 0.999822
130.268668 -17.475556 -0.118275 -0.016758 -0.008802 -0.022631 0.999565
131.048285 -17.670440 -0.116628 -0.016598 -0.007097 -0.093110 0.995492
131.839052 -18.019663 -0.119893 -0.017457 -0.007068 -0.204271 0.978733
132.493231 -18.533736 -0.114913 -0.020228 -0.003560 -0.326965 0.944813
133.065848 -19.109089 -0.126854 -0.016922 -0.000232 -0.322175 0.946529
133.684372 -19.720583 -0.125551 -0.016748 -0.004871 -0.317746 0.948015
134.263023 -20.281217 -0.121861 -0.017157 -0.002291 -0.317098 0.948235
134.890049 -20.862765 -0.129406 -0.017851 -0.004267 -0.313601 0.949377
135.502796 -21.446162 -0.138133 -0.017849 -0.002889 -0.298506 0.954237
136.105841 -21.993021 -0.139304 -0.020252 -0.001325 -0.303129 0.952733
136.734297 -22.554846 -0.144603 -0.019582 -0.002665 -0.284701 0.958413
137.374057 -23.038217 -0.152992 -0.019305 -0.002733 -0.242411 0.969978
138.057640 -23.515140 -0.154774 -0.020030 -0.004591 -0.254017 0.966981
138.733676 -23.994029 -0.154899 -0.018888 -0.001789 -0.250917 0.967823
139.400639 -24.469858 -0.156258 -0.021740 -0.002276 -0.245469 0.969158
140.053505 -24.935924 -0.162303 -0.020623 -0.004204 -0.250586 0.967866
140.738976 -25.453723 -0.170521 -0.015618 -0.000566 -0.262135 0.964905
141.407419 -25.971347 -0.180385 -0.017418 0.000172 -0.254921 0.966805
142.100368 -26.487931 -0.184361 -0.013548 0.000269 -0.236411 0.971559
142.794819 -26.969187 -0.190603 -0.018402 -0.007371 -0.254094 0.966976
143.453051 -27.431135 -0.196388 -0.018558 -0.004463 -0.212137 0.977054
144.203800 -27.778214 -0.194037 -0.014355 -0.006874 -0.100142 0.994846
145.020972 -28.027888 -0.200775 -0.018772 -0.007909 -0.067407 0.997518
145.826735 -28.243061 -0.210212 -0.020422 -0.006159 -0.055401 0.998236
146.641800 -28.407581 -0.203256 -0.018064 -0.012248 -0.020550 0.999551
147.453612 -28.565247 -0.193614 -0.013670 -0.019066 -0.033832 0.999152
148.261383 -28.730182 -0.245565 -0.005264 0.020220 -0.016981 0.999637
149.062516 -28.882087 -0.222503 -0.010405 -0.019183 -0.027869 0.999373
149.895615 -29.025611 -0.210035 -0.010671 -0.014984 -0.007189 0.999805
150.700728 -29.146596 -0.209336 -0.009459 -0.012466 -0.004186 0.999869
151.552763 -29.290477 -0.206047 -0.007451 -0.010296 -0.027091 0.999552
152.425026 -29.447528 -0.219047 -0.007039 -0.012236 -0.004689 0.999889
153.253452 -29.563572 -0.213816 -0.004702 -0.012431 -0.006598 0.999890
154.057017 -29.683163 -0.210422 -0.004229 -0.015194 -0.000650 0.999875
154.884442 -29.794031 -0.212814 -0.003841 -0.014075 0.004791 0.999882
155.700976 -29.903117 -0.210552 -0.003059 -0.012440 0.002647 0.999914
156.508168 -30.007947 -0.215006 -0.001279 -0.014209 0.011157 0.999836
157.327312 -30.095806 -0.211808 -0.001987 -0.014153 0.012299 0.999822
158.130759 -30.185671 -0.199759 -0.001731 -0.014117 0.012719 0.999818
158.960947 -30.273038 -0.198268 -0.004082 -0.015423 0.014828 0.999763
159.817932 -30.346414 -0.196019 -0.005979 -0.015355 0.013671 0.999771
160.651681 -30.437414 -0.196176 -0.005911 -0.014557 0.005136 0.999863
161.455535 -30.546694 -0.190538 -0.006344 -0.015849 0.002830 0.999850
162.307347 -30.647459 -0.185716 -0.006308 -0.014269 0.006788 0.999855
163.129647 -30.755216 -0.181138 -0.004958 -0.014149 0.010346 0.999834
163.960622 -30.848317 -0.182400 -0.002544 -0.014824 0.017636 0.999731
164.829920 -30.930538 -0.169821 -0.004258 -0.018706 0.021539 0.999584
165.686479 -31.004425 -0.161606 -0.006167 -0.017684 0.023553 0.999547
166.522462 -31.072498 -0.166108 -0.006974 -0.016573 0.025911 0.999503
167.360328 -31.138070 -0.150002 -0.006828 -0.018263 0.027217 0.999439
168.219681 -31.204783 -0.145703 -0.006781 -0.015181 0.028496 0.999456
169.067026 -31.273624 -0.133049 -0.005851 -0.018628 0.031546 0.999312
169.899526 -31.332870 -0.131203 -0.006200 -0.016139 0.033244 0.999298
170.750872 -31.387601 -0.122699 -0.004503 -0.014256 0.034502 0.999293
171.585112 -31.439506 -0.123080 -0.006732 -0.016618 0.031338 0.999348
172.429021 -31.522474 -0.120653 -0.005081 -0.016771 0.002681 0.999843
173.253531 -31.645094 -0.109213 -0.003838 -0.015802 -0.000316 0.999868
174.084163 -31.751392 -0.108482 -0.003280 -0.015615 0.003136 0.999868
174.933215 -31.858457 -0.104165 -0.003686 -0.014300 0.009580 0.999845
175.800366 -31.955957 -0.094156 -0.002987 -0.015854 0.014585 0.999763
176.608166 -32.035909 -0.094409 -0.004680 -0.016794 0.023628 0.999569
177.412240 -32.109943 -0.085578 -0.006651 -0.018241 0.046987 0.998707
178.226187 -32.170963 -0.076726 -0.007051 -0.016081 0.025214 0.999528
179.120673 -32.251167 -0.079009 -0.006678 -0.014682 0.021897 0.999630
179.994720 -32.321218 -0.072993 -0.008561 -0.017762 0.024779 0.999499
180.821475 -32.382237 -0.071625 -0.009499 -0.015295 0.023276 0.999567
181.684101 -32.471199 -0.073943 -0.009396 -0.010835 0.018940 0.999718
182.511176 -32.543276 -0.076008 -0.009615 -0.011914 0.019718 0.999688
183.374293 -32.639358 -0.072628 -0.008074 -0.011485 0.005201 0.999888
184.198876 -32.740377 -0.065309 -0.006324 -0.011305 0.009984 0.999866
185.029507 -32.822191 -0.070928 -0.006424 -0.010719 0.018020 0.999760
185.874939 -32.903853 -0.076061 -0.004980 -0.011143 0.022940 0.999662
186.687860 -32.972015 -0.089414 -0.007050 -0.014246 0.037048 0.999187
187.508193 -33.038948 -0.084619 -0.007322 -0.013114 0.027258 0.999516
188.353699 -33.111796 -0.081706 -0.009396 -0.011908 0.014944 0.999773
189.195038 -33.210749 -0.090341 -0.008875 -0.008943 -0.008553 0.999884
190.051565 -33.337088 -0.097229 -0.008333 -0.011341 -0.007412 0.999873
190.864901 -33.480478 -0.105730 -0.006216 -0.011514 -0.017598 0.999760
191.695104 -33.612917 -0.105564 -0.005449 -0.012760 0.010606 0.999847
192.516692 -33.733797 -0.107106 -0.002661 -0.008990 0.004686 0.999945
193.323414 -33.821194 -0.119645 -0.006979 -0.011029 0.007480 0.999887
194.160232 -33.918427 -0.112976 -0.007058 -0.011911 0.007997 0.999872
194.956097 -33.999710 -0.123111 -0.006499 -0.012425 0.029828 0.999457
195.810442 -34.077719 -0.118244 -0.006742 -0.013597 0.018628 0.999711
196.614632 -34.150322 -0.121110 -0.005359 -0.012626 0.026268 0.999561
197.464833 -34.216051 -0.129052 -0.006694 -0.010382 0.022411 0.999673
198.328681 -34.289811 -0.136442 -0.006275 -0.009158 0.030403 0.999476
199.187954 -34.343705 -0.138728 -0.006702 -0.009354 0.034914 0.999324
200.056742 -34.400294 -0.141377 -0.006625 -0.010024 0.037082 0.999240
200.884230 -34.446061 -0.154805 -0.008888 -0.009547 0.040402 0.999098
201.749542 -34.499951 -0.151263 -0.005919 -0.011317 0.033362 0.999362
202.591667 -34.563918 -0.151405 -0.006324 -0.014528 0.034907 0.999265
203.434695 -34.624275 -0.150629 -0.008672 -0.015005 0.028341 0.999448
204.245096 -34.682012 -0.165453 -0.009586 -0.013044 0.031388 0.999376
205.055970 -34.742477 -0.164222 -0.011780 -0.009912 0.034563 0.999284
205.924838 -34.778262 -0.161723 -0.011496 -0.012841 0.042066 0.998966
206.738357 -34.826323 -0.169554 -0.008530 -0.004472 0.041013 0.999112
207.549522 -34.837258 -0.173999 -0.009640 -0.007007 0.060855 0.998075
208.479913 -34.837241 -0.185297 -0.011258 -0.005174 0.076207 0.997015
209.310964 -34.820794 -0.187807 -0.013247 -0.006060 0.077680 0.996872
210.125795 -34.821549 -0.214607 -0.014007 0.000688 0.067392 0.997628
210.995501 -34.830707 -0.248844 -0.006953 0.025456 0.062755 0.997680
211.993197 -34.814567 -0.260564 -0.012463 -0.009276 0.059535 0.998105
212.863474 -34.827440 -0.270579 -0.015606 -0.003123 0.056855 0.998256
213.732808 -34.833211 -0.261853 -0.013702 -0.019317 0.064178 0.997657
214.551675 -34.833722 -0.259857 -0.015675 -0.013395 0.056333 0.998199
215.398146 -34.845326 -0.263114 -0.015420 -0.012440 0.058874 0.998069
216.221414 -34.846269 -0.253182 -0.017543 -0.010679 0.053541 0.998354
217.234631 -34.883008 -0.243567 -0.012666 -0.012645 0.047746 0.998699
218.092483 -34.909351 -0.242503 -0.017094 -0.012157 0.047984 0.998628
218.998036 -34.932649 -0.227126 -0.017451 -0.016852 0.048327 0.998537
219.812615 -34.968344 -0.225747 -0.013711 -0.016053 0.051495 0.998450
220.697524 -34.985199 -0.219982 -0.013103 -0.015461 0.055762 0.998238
221.525979 -35.011339 -0.204496 -0.011994 -0.016624 0.053492 0.998358
222.348527 -35.034098 -0.213736 -0.008703 -0.008341 0.055647 0.998378
223.148770 -35.034805 -0.213731 -0.023038 -0.007489 0.058806 0.997975
223.950503 -35.072496 -0.217258 -0.014714 -0.007478 0.039383 0.999088
224.812236 -35.120395 -0.201529 -0.014142 -0.020757 0.043332 0.998745
225.789595 -35.132558 -0.210013 -0.013065 -0.008839 0.054078 0.998412
226.642798 -35.171715 -0.201231 -0.011687 -0.010813 0.043484 0.998927
227.492971 -35.219002 -0.202138 -0.008474 -0.015938 0.047479 0.998709
228.317153 -35.227383 -0.194915 -0.012233 -0.015861 0.048009 0.998646
229.126530 -35.253076 -0.183173 -0.011510 -0.014909 0.048302 0.998655
229.969054 -35.294124 -0.194378 -0.007119 -0.010489 0.049337 0.998702
230.815304 -35.317839 -0.202735 -0.008085 -0.003877 0.050214 0.998698
231.683071 -35.346136 -0.223919 -0.005571 -0.006198 0.058723 0.998240
232.506232 -35.348320 -0.231443 -0.016497 -0.001628 0.050425 0.998590
233.356994 -35.395024 -0.246566 -0.010672 -0.000641 0.036179 0.999288
234.204770 -35.415339 -0.263434 -0.008896 -0.007229 0.106147 0.994284
235.054811 -35.228834 -0.265521 -0.010928 -0.007159 0.187383 0.982200
235.866804 -35.056573 -0.272576 -0.009598 -0.007597 0.161543 0.986790
236.718987 -34.868346 -0.280915 -0.011792 -0.009014 0.173572 0.984709
237.567263 -34.675523 -0.283769 -0.012792 -0.010843 0.169489 0.985389
238.396637 -34.519614 -0.294918 -0.010955 -0.008266 0.148189 0.988864
239.247373 -34.361876 -0.297969 -0.007724 -0.011433 0.162227 0.986657
240.047145 -34.199690 -0.302453 -0.009468 -0.011791 0.153228 0.988075
240.846593 -34.058153 -0.309775 -0.011177 -0.006483 0.145665 0.989250
241.675753 -33.923068 -0.312290 -0.013636 -0.011811 0.139325 0.990082
242.529502 -33.813359 -0.324042 -0.010424 -0.007937 0.122923 0.992330
243.386182 -33.701498 -0.334088 -0.007278 -0.008607 0.141652 0.989852
244.187245 -33.586383 -0.341194 -0.009542 -0.007575 0.108787 0.993990
245.051715 -33.530693 -0.332410 -0.010931 -0.021434 0.095277 0.995160
245.865194 -33.462723 -0.338497 -0.012263 -0.008228 0.099543 0.994924
246.723748 -33.441714 -0.343456 -0.012590 -0.007362 0.064134 0.997835
247.570243 -33.442102 -0.359375 -0.012361 -0.008247 0.043011 0.998964
247.430804 -34.243420 -0.352506 -0.018984 0.008749 -0.841262 0.540223
246.828707 -34.824852 -0.342346 -0.020679 0.014643 -0.948641 0.315338
246.153218 -35.255037 -0.338404 -0.021597 0.013164 -0.897742 0.439795
245.772964 -36.008008 -0.339289 -0.021252 0.010362 -0.748646 0.662548
245.737426 -36.813202 -0.344125 -0.020746 0.006332 -0.619428 0.784754
245.745985 -37.660922 -0.333755 -0.020881 0.006963 -0.708964 0.704901
245.657501 -38.476256 -0.353158 -0.019811 0.008371 -0.700152 0.713670
245.549266 -39.314832 -0.349230 -0.020692 0.006288 -0.699900 0.713913
245.451172 -40.167932 -0.362235 -0.022394 0.006101 -0.699375 0.714378
245.350609 -41.019614 -0.360054 -0.022513 0.005897 -0.700411 0.713360
245.368341 -41.871527 -0.361386 -0.019964 0.002656 -0.584353 0.811250
245.821043 -42.590268 -0.371682 -0.012420 -0.001184 -0.296012 0.955103
246.435160 -43.127723 -0.387607 -0.016329 -0.004039 -0.293443 0.955829
247.158134 -43.536941 -0.374282 -0.019070 -0.009255 -0.069460 0.997360
247.963794 -43.543975 -0.390219 -0.013516 -0.010026 0.160223 0.986937
248.779833 -43.420912 -0.397019 -0.013385 -0.008761 0.158372 0.987250
249.587994 -43.510835 -0.404891 -0.014334 -0.006681 -0.035649 0.999239
250.400650 -43.680890 -0.412168 -0.014538 -0.008232 -0.047163 0.998747
251.192211 -43.862358 -0.424734 -0.016483 -0.007850 -0.046497 0.998752
251.996271 -44.020657 -0.429206 -0.014294 -0.003935 -0.030699 0.999419
252.861195 -44.158712 -0.431323 -0.014259 -0.009189 -0.001147 0.999855
253.716799 -44.271875 -0.434002 -0.014758 -0.011457 -0.006997 0.999801
254.567859 -44.397007 -0.440077 -0.013797 -0.007936 -0.008709 0.999835
255.398692 -44.455588 -0.452782 -0.013557 -0.006322 0.028847 0.999472
256.248389 -44.610910 -0.460532 -0.018250 -0.005573 -0.073028 0.997147
257.074578 -44.846026 -0.471469 -0.016039 -0.004121 -0.074293 0.997099
257.902857 -45.046951 -0.469954 -0.015931 -0.010246 -0.020506 0.999610
258.758739 -45.150940 -0.478387 -0.013781 -0.008914 0.004171 0.999857
259.610991 -45.257702 -0.484147 -0.014958 -0.008519 0.004017 0.999844
260.434403 -45.359228 -0.486406 -0.015910 -0.009105 0.004205 0.999823
261.280926 -45.461477 -0.490282 -0.014286 -0.006328 0.001089 0.999877
262.115721 -45.576000 -0.499215 -0.012802 -0.006812 0.001313 0.999894
262.927740 -45.653839 -0.489925 -0.014575 -0.013509 0.048048 0.998647
263.805559 -45.683602 -0.494709 -0.014297 -0.013462 0.047961 0.998656
264.628882 -45.715548 -0.512793 -0.011434 -0.006413 0.046838 0.998816
265.460487 -45.746005 -0.512910 -0.013908 -0.012740 0.049244 0.998609
266.301246 -45.763642 -0.519569 -0.012530 -0.012508 0.061073 0.997976
267.119090 -45.784510 -0.518482 -0.012565 -0.010124 0.067361 0.997598
267.947143 -45.764314 -0.526510 -0.013839 -0.010088 0.081913 0.996492
268.762451 -45.852287 -0.527341 -0.015587 -0.009966 -0.002339 0.999826
269.556987 -45.970012 -0.532561 -0.015555 -0.009443 -0.005045 0.999822
270.363862 -46.084710 -0.540120 -0.011958 -0.010992 0.004011 0.999860
271.171487 -46.145366 -0.537383 -0.010007 -0.010580 0.081273 0.996586
271.972807 -46.077404 -0.541018 -0.008261 -0.012998 0.098993 0.994969
272.787102 -46.013323 -0.555266 -0.014153 -0.009671 0.108329 0.993967
273.620572 -45.934212 -0.556745 -0.013976 -0.009289 0.111316 0.993643
273.943742 -46.673797 -0.552930 -0.019747 0.005283 -0.674315 0.738161
273.727575 -47.483009 -0.553892 -0.019206 0.009550 -0.817936 0.574910
273.229883 -48.165416 -0.561705 -0.020549 0.010329 -0.855193 0.517799
272.743678 -48.832106 -0.556319 -0.021111 0.012168 -0.870948 0.490770
272.205402 -49.506130 -0.548664 -0.018106 0.009714 -0.884625 0.465850
271.507399 -50.049198 -0.551250 -0.017765 0.010883 -0.951763 0.306125
270.741735 -50.319877 -0.549958 -0.015130 0.014408 -0.987268 0.157685
269.918720 -50.351870 -0.549577 -0.014635 0.015782 -0.999766 0.002053
269.101361 -50.245085 -0.543065 -0.015127 0.012982 -0.998959 0.041032
268.255931 -50.299235 -0.534305 -0.016579 0.013306 -0.994624 0.101345
267.446426 -50.337804 -0.536479 -0.013588 0.014984 -0.994923 0.098584
266.633607 -50.538508 -0.536018 -0.015442 0.013756 -0.977240 0.211124
265.838906 -50.743739 -0.535306 -0.014720 0.015097 -0.982661 0.184208
265.003622 -50.932172 -0.521507 -0.016982 0.012402 -0.982458 0.185294
264.151651 -51.149494 -0.513064 -0.018143 0.008137 -0.979598 0.199983
263.374756 -51.387476 -0.505234 -0.017052 0.006306 -0.976729 0.213705
262.598325 -51.631735 -0.504523 -0.013066 0.011172 -0.974471 0.223852
261.797897 -51.889673 -0.493406 -0.018572 0.005334 -0.972925 0.230311
261.003774 -52.195528 -0.484078 -0.020097 0.017830 -0.970386 0.240061
260.262466 -52.513580 -0.480143 -0.018749 0.013842 -0.962895 0.268867
259.478306 -52.851361 -0.478493 -0.018407 0.009379 -0.961300 0.274729
258.753884 -53.194580 -0.460808 -0.022439 0.009723 -0.960813 0.276115
258.019417 -53.528031 -0.454395 -0.020485 0.011731 -0.961137 0.275062
257.273767 -53.864810 -0.447234 -0.018451 0.008592 -0.960057 0.279064
256.561300 -54.237909 -0.439496 -0.019576 0.012140 -0.955164 0.295181
255.819564 -54.601487 -0.447406 -0.017067 0.009321 -0.953457 0.300900
255.028347 -54.862475 -0.424948 -0.017469 0.010396 -0.996125 0.085569
254.188332 -54.833232 -0.412322 -0.015926 0.014348 -0.998884 -0.042078
253.387018 -54.557703 -0.414353 -0.010583 0.014064 -0.994857 -0.099751
252.601383 -54.294241 -0.406075 -0.015051 0.014355 -0.995967 -0.087274
251.792927 -54.094222 -0.401694 -0.015985 0.014723 -0.997753 -0.063381
250.972648 -53.868416 -0.391114 -0.015165 0.013018 -0.998671 -0.047504
250.134801 -53.661401 -0.387392 -0.011920 0.013058 -0.997648 -0.066223
249.305662 -53.448802 -0.359778 -0.019590 0.013045 -0.998435 -0.050729
248.479306 -53.281061 -0.360254 -0.013171 0.011513 -0.999449 -0.028225
247.691547 -53.126388 -0.353852 -0.016109 0.011828 -0.999639 -0.017953
246.894782 -52.997788 -0.343526 -0.015437 0.012330 -0.999801 0.002846
246.096535 -52.935703 -0.332309 -0.017755 0.008547 -0.999007 0.039970
245.270389 -52.883463 -0.327906 -0.018847 0.009345 -0.998920 0.041419
244.461860 -52.830900 -0.325396 -0.013171 0.009348 -0.998557 0.051212
243.606115 -52.803077 -0.321837 -0.018125 0.011915 -0.999176 0.034290
242.787017 -52.844512 -0.302071 -0.022474 0.009860 -0.990748 0.133476
241.988730 -52.990390 -0.306090 -0.015364 0.009972 -0.977112 0.211935
241.183879 -53.300059 -0.297621 -0.019161 0.010805 -0.962295 0.271117
240.379196 -53.640170 -0.284144 -0.017828 0.012177 -0.966091 0.257299
239.644753 -53.960282 -0.294525 -0.017628 0.009352 -0.968252 0.249177
238.823995 -54.135250 -0.285714 -0.014118 0.015767 -0.996474 0.081188
238.011635 -54.048017 -0.298384 -0.016168 0.015640 -0.999566 -0.018998
237.166972 -53.927155 -0.288694 -0.013049 0.016015 -0.999741 -0.009511
236.334431 -53.816942 -0.292242 -0.013325 0.014566 -0.999556 0.022318
235.493309 -53.765143 -0.292472 -0.015646 0.014761 -0.998542 0.049511
234.642910 -53.739759 -0.287648 -0.013521 0.013325 -0.998226 0.056430
233.782472 -53.737094 -0.282969 -0.011960 0.014308 -0.997793 0.063733
232.948232 -53.729684 -0.285024 -0.012215 0.015194 -0.998020 0.059799
232.128228 -53.717690 -0.292912 -0.010562 0.015378 -0.998133 0.058161
231.312145 -53.709065 -0.286126 -0.011459 0.014825 -0.997943 0.061315
230.485332 -53.693001 -0.283694 -0.012328 0.014175 -0.998125 0.058256
229.682284 -53.676445 -0.293162 -0.010398 0.013119 -0.998132 0.058748
228.810076 -53.670034 -0.299258 -0.010052 0.015147 -0.997959 0.061210
228.005456 -53.667312 -0.293919 -0.017045 0.014881 -0.997761 0.062942
227.191321 -53.661436 -0.301301 -0.012679 0.018132 -0.998070 0.058021
226.305550 -53.650567 -0.291379 -0.014351 0.018581 -0.996706 0.077627
225.424261 -53.722026 -0.291122 -0.017048 0.018114 -0.994144 0.105166
224.589863 -53.765612 -0.290320 -0.009452 0.016897 -0.994899 0.099002
223.705100 -53.830539 -0.291321 -0.014903 0.014311 -0.993292 0.113772
222.896643 -53.914552 -0.279497 -0.013652 0.017202 -0.993561 0.111152
222.015123 -54.006799 -0.286602 -0.014982 0.017367 -0.993122 0.114819
221.175227 -54.095601 -0.279584 -0.016735 0.016418 -0.992861 0.116947
220.345021 -54.179141 -0.270225 -0.017370 0.016991 -0.992439 0.120310
219.489908 -54.285226 -0.266021 -0.012182 0.014741 -0.992094 0.124028
218.630388 -54.409850 -0.273704 -0.014106 0.015586 -0.992146 0.123308
217.826069 -54.496969 -0.266839 -0.014294 0.012408 -0.992438 0.121277
217.001696 -54.596327 -0.267509 -0.011266 0.016578 -0.992671 0.119172
216.163256 -54.684746 -0.271108 -0.011829 0.018503 -0.992873 0.117137
215.353069 -54.783170 -0.269203 -0.013364 0.021983 -0.993185 0.113676
214.491069 -54.863715 -0.271950 -0.012350 0.019469 -0.993495 0.111514
213.673254 -54.961173 -0.280297 -0.012692 0.019415 -0.986136 0.164310
212.888015 -55.275883 -0.284146 -0.015021 0.015543 -0.941239 0.337050
212.206915 -55.746489 -0.281424 -0.017012 0.008495 -0.934713 0.354895
211.544120 -56.226183 -0.286270 -0.015122 0.010367 -0.922997 0.384370
210.875820 -56.722442 -0.290008 -0.017450 0.010844 -0.948094 0.317326
210.087271 -56.901223 -0.281991 -0.015744 0.013660 -0.998280 0.054792
209.261155 -56.718358 -0.267699 -0.015375 0.015434 -0.997277 -0.070449
208.443589 -56.584509 -0.254663 -0.023641 0.015787 -0.992892 0.115570
207.685968 -56.900579 -0.254534 -0.008725 0.016089 -0.927950 0.372254
207.092614 -57.448089 -0.275325 -0.005592 0.014037 -0.906545 0.421838
206.448943 -57.984029 -0.287949 -0.010424 0.011488 -0.910562 0.413081
205.825891 -58.511454 -0.297231 -0.011031 0.014830 -0.912318 0.409065
205.155623 -59.065803 -0.316072 -0.013155 0.017689 -0.923174 0.383749
204.468807 -59.602753 -0.318526 -0.009798 0.013969 -0.927372 0.373751
203.791654 -60.095276 -0.331896 -0.012673 0.013943 -0.926184 0.376601
203.119874 -60.637332 -0.343417 -0.004329 0.016104 -0.912166 0.409481
202.507811 -61.189511 -0.355218 -0.009462 0.016864 -0.906422 0.421931
201.856013 -61.768117 -0.363631 -0.011189 0.014150 -0.911784 0.410274
201.149328 -62.384998 -0.357914 -0.013770 0.012394 -0.908781 0.416862
200.519369 -62.969934 -0.371143 -0.014069 0.014762 -0.903897 0.427263
199.919016 -63.545005 -0.390750 -0.013465 0.016488 -0.907461 0.419598
199.312751 -64.099681 -0.404300 -0.010806 0.015060 -0.900498 0.434465
198.657488 -64.716143 -0.415082 -0.008307 0.014078 -0.907122 0.420551
198.015781 -65.289819 -0.422171 -0.009619 0.010286 -0.907143 0.420587
197.366821 -65.862314 -0.450234 0.001007 0.014794 -0.912307 0.409239
196.777808 -66.438817 -0.473054 -0.004942 0.015227 -0.894178 0.447426
196.219300 -67.017881 -0.492302 -0.008709 0.007419 -0.893960 0.448000
195.624259 -67.646620 -0.504769 -0.006638 0.006582 -0.859143 0.511651
195.158212 -68.343543 -0.531127 -0.005192 0.009962 -0.848777 0.528632
194.684514 -69.043822 -0.541315 -0.006056 0.012773 -0.850732 0.525410
194.175455 -69.769293 -0.577334 -0.004777 0.007691 -0.850916 0.525224
193.715744 -70.484713 -0.585177 -0.005367 0.007919 -0.847479 0.530742
193.229174 -71.193465 -0.603043 -0.004865 0.008652 -0.847621 0.530510
192.760356 -71.905486 -0.627372 -0.007121 0.011682 -0.847057 0.531326
192.298236 -72.613433 -0.649717 -0.005796 0.013185 -0.845384 0.533965
191.844999 -73.302229 -0.654143 -0.010977 0.014634 -0.848768 0.528449
191.412099 -73.984453 -0.665986 -0.011773 0.012542 -0.834371 0.550934
191.011899 -74.693954 -0.676798 -0.011990 0.007303 -0.807344 0.589914
190.666158 -75.427466 -0.683626 -0.012749 0.006447 -0.809871 0.586434
190.308599 -76.145510 -0.691387 -0.013645 0.008976 -0.816745 0.576768
189.940804 -76.879192 -0.692042 -0.016561 0.002857 -0.810873 0.584981
189.563766 -77.644435 -0.709023 -0.010609 0.009791 -0.814358 0.580184
189.204533 -78.392217 -0.724617 -0.011143 0.005986 -0.809141 0.587478
188.859305 -79.118980 -0.730384 -0.009357 0.004689 -0.798523 0.601874
188.534408 -79.862887 -0.739001 -0.014072 0.002532 -0.798132 0.602313
188.194817 -80.635417 -0.738925 -0.014313 0.006370 -0.803034 0.595727
187.852832 -81.400723 -0.743561 -0.016586 0.007633 -0.803092 0.595575
187.531353 -82.144354 -0.743407 -0.016753 0.004836 -0.801622 0.597577
187.204504 -82.914654 -0.765799 -0.006279 0.011627 -0.791997 0.610382
186.881651 -83.704159 -0.777858 -0.011195 0.008849 -0.796987 0.603828
186.592829 -84.483918 -0.806341 -0.002460 0.012861 -0.743194 0.668948
186.509522 -85.320543 -0.827097 -0.005364 0.008455 -0.647169 0.762280
186.576574 -86.177652 -0.849323 -0.009957 0.005392 -0.634682 0.772691
186.625981 -87.016817 -0.864106 -0.008531 0.004831 -0.641902 0.766724
186.681377 -87.849007 -0.869791 -0.018931 -0.000595 -0.627174 0.778649
186.749634 -88.646659 -0.868467 -0.015399 0.002978 -0.615539 0.787951
186.835043 -89.482579 -0.869908 -0.016861 -0.001801 -0.551733 0.833849
187.157347 -90.227919 -0.871451 -0.017058 -0.002046 -0.433769 0.900860
187.758240 -90.799579 -0.872095 -0.018682 -0.007962 -0.210266 0.977433
188.229853 -91.456094 -0.865911 -0.017988 0.001987 -0.659341 0.751627
188.153270 -92.286424 -0.866295 -0.025814 0.009345 -0.750611 0.660174
187.873379 -93.051203 -0.869071 -0.020160 0.006662 -0.782264 0.622586
187.562315 -93.831436 -0.856967 -0.018273 0.003006 -0.785108 0.619083
187.297916 -94.613104 -0.861640 -0.017603 0.004241 -0.755281 0.655151
187.063858 -95.388377 -0.866755 -0.012956 0.002491 -0.769425 0.638601
186.819509 -96.159802 -0.866499 -0.017239 0.004408 -0.753019 0.657758
186.584639 -97.013118 -0.870192 -0.014744 0.005658 -0.757534 0.652605
186.372763 -97.792534 -0.875731 -0.013030 0.009075 -0.772698 0.634575
185.875757 -98.466992 -0.876739 -0.015813 0.007360 -0.890789 0.454082
185.307321 -99.104112 -0.875742 -0.016562 0.008084 -0.885071 0.465091
184.750635 -99.728877 -0.877495 -0.017000 0.009255 -0.888427 0.458610
184.192426 -100.323584 -0.875436 -0.017245 0.007307 -0.880633 0.473429
184.777431 -100.907999 -0.874255 -0.011136 -0.009747 -0.291273 0.956526
185.473551 -101.383561 -0.879132 -0.015491 -0.007123 -0.205606 0.978486
186.202300 -101.778794 -0.876945 -0.014787 -0.010113 -0.172239 0.984892
186.266394 -102.591543 -0.877649 -0.019812 -0.000781 -0.740410 0.671862
186.052948 -103.370613 -0.874770 -0.019597 0.001629 -0.748815 0.662487
185.850668 -104.149587 -0.870822 -0.017743 0.001061 -0.753107 0.657658
185.624267 -104.927867 -0.871300 -0.013348 0.000853 -0.759654 0.650190
185.413918 -105.722200 -0.882039 -0.012195 0.000785 -0.747317 0.664355
185.190058 -106.500940 -0.888505 -0.013080 0.004687 -0.753197 0.657648
184.992388 -107.292573 -0.894488 -0.012872 0.003465 -0.750707 0.660501
184.789871 -108.093494 -0.884266 -0.017232 0.001372 -0.744721 0.667152
184.595831 -108.901630 -0.892104 -0.015367 0.002003 -0.743502 0.668554
184.279368 -109.689593 -0.894271 -0.015241 -0.001094 -0.807392 0.589818
183.904229 -110.479987 -0.887250 -0.017938 0.002376 -0.810103 0.586008
183.545977 -111.247396 -0.887500 -0.017973 0.005693 -0.805690 0.592038
183.149567 -111.990598 -0.892075 -0.016306 0.003513 -0.819410 0.572965
182.758265 -112.773368 -0.897961 -0.017639 0.006466 -0.818383 0.574366
182.359932 -113.515017 -0.897341 -0.017333 0.003441 -0.820444 0.571454
181.991202 -114.238258 -0.886525 -0.015847 -0.000250 -0.811630 0.583957
181.706364 -115.036861 -0.897774 -0.014850 0.002942 -0.749918 0.661357
181.500476 -115.827325 -0.901046 -0.015292 -0.000041 -0.717646 0.696240
181.576548 -116.662235 -0.900033 -0.013929 -0.008989 -0.551176 0.834224
181.807008 -117.462384 -0.901319 -0.013217 -0.004632 -0.550849 0.834488
181.984495 -118.265868 -0.895867 -0.016189 0.003012 -0.639274 0.768803
181.956179 -119.071366 -0.900385 -0.021359 0.005907 -0.674080 0.738326
182.624540 -119.517178 -0.911351 -0.015790 -0.006077 -0.185576 0.982484
183.337221 -119.890733 -0.913958 -0.015349 -0.006358 -0.164520 0.986234
183.704305 -120.606431 -0.923568 -0.014723 -0.001153 -0.610072 0.792208
183.737548 -121.417927 -0.932519 -0.014997 -0.003548 -0.651126 0.758813
183.747308 -122.249096 -0.930265 -0.009723 -0.005016 -0.644252 0.764735
183.789816 -123.068143 -0.930662 -0.013319 -0.005416 -0.639879 0.768341
183.686970 -123.905033 -0.945758 -0.012866 -0.001856 -0.759561 0.650306
183.384670 -124.712171 -0.951374 -0.013577 0.009258 -0.784763 0.619578
183.076792 -125.466364 -0.954274 -0.007470 0.003573 -0.786836 0.617107
182.794546 -126.288509 -0.967402 -0.014410 0.003445 -0.739880 0.672576
182.664989 -127.119151 -0.958385 -0.018589 0.005958 -0.714699 0.699160
182.556217 -127.913443 -0.972176 -0.018611 0.008345 -0.714100 0.699747
182.439874 -128.733034 -0.986027 -0.016441 0.006995 -0.714229 0.699684
182.346671 -129.580255 -0.975751 -0.020174 0.002087 -0.683345 0.729814
182.281128 -130.453766 -0.984771 -0.016202 0.004524 -0.680173 0.732859
182.226079 -131.269177 -0.982998 -0.018119 0.001543 -0.685013 0.728304
182.177365 -132.083394 -0.984520 -0.016381 0.003280 -0.683879 0.729404
182.117874 -132.936258 -0.982711 -0.018072 0.003717 -0.682784 0.730387
182.076804 -133.756424 -0.982643 -0.019649 0.001556 -0.681018 0.732001
181.912534 -134.572995 -0.986439 -0.018067 0.002295 -0.751272 0.659741
181.709949 -135.347705 -0.980825 -0.022388 0.000606 -0.766675 0.641645
181.256466 -136.067354 -0.982835 -0.022595 0.010548 -0.897020 0.441286
180.552059 -136.559914 -0.976753 -0.010358 0.006752 -0.934875 0.354763
179.876013 -137.062079 -0.977627 -0.010840 0.009580 -0.926118 0.376958
180.129355 -137.968998 -0.960624 -0.022472 -0.004841 -0.570409 0.821039
180.296755 -138.839796 -0.958300 -0.015714 -0.007664 -0.575665 0.817498
180.537151 -139.830641 -0.956239 -0.022038 -0.010554 -0.567530 0.822990
180.752262 -140.729191 -0.952671 -0.021036 -0.002988 -0.570700 0.820884
180.922578 -141.511239 -0.940051 -0.021881 -0.003529 -0.592938 0.804943
181.068268 -142.451369 -0.939231 -0.022329 0.000561 -0.602257 0.797989
181.197502 -143.289790 -0.934370 -0.022589 -0.003365 -0.599335 0.800173
181.330263 -144.119992 -0.923549 -0.020204 -0.004300 -0.592737 0.805131
181.451479 -144.968358 -0.921306 -0.017789 -0.003589 -0.648137 0.761307
181.321041 -145.929923 -0.920335 -0.014738 0.002311 -0.709557 0.704490
181.287657 -146.760685 -0.920609 -0.017746 -0.002953 -0.654604 0.755758
181.268832 -147.589299 -0.923661 -0.016233 -0.003175 -0.666945 0.744923
181.298219 -148.428420 -0.923065 -0.016930 0.000969 -0.619444 0.784858
181.378002 -149.231421 -0.924097 -0.018877 -0.000079 -0.626243 0.779400
181.450888 -150.133022 -0.923907 -0.016412 0.000502 -0.633049 0.773938
181.495256 -150.970476 -0.915879 -0.019685 -0.002053 -0.638015 0.769769
181.540514 -151.847817 -0.920635 -0.018088 -0.004026 -0.644211 0.764623
181.589348 -152.669904 -0.917147 -0.016411 -0.005657 -0.621493 0.783227
181.654367 -153.496784 -0.906040 -0.019863 -0.006350 -0.629499 0.776721
181.732148 -154.366348 -0.904167 -0.017538 -0.000956 -0.623839 0.781356
181.719520 -155.186017 -0.888038 -0.019675 -0.001086 -0.762950 0.646157
181.242248 -155.833843 -0.888589 -0.017230 0.003099 -0.888134 0.459251
180.944720 -156.578359 -0.882912 -0.023908 -0.007192 -0.544327 0.838501
181.211368 -157.336298 -0.878299 -0.022266 -0.005101 -0.510926 0.859321
181.492813 -158.100691 -0.865832 -0.018342 -0.007273 -0.518148 0.855063
181.804336 -158.881663 -0.857696 -0.021516 -0.004509 -0.510524 0.859582
182.126947 -159.710346 -0.841714 -0.025485 -0.006592 -0.513603 0.857624
182.424205 -160.479578 -0.841725 -0.024595 -0.004656 -0.511373 0.858994
182.723908 -161.257199 -0.829323 -0.022526 -0.001846 -0.516704 0.855866
183.000423 -162.015738 -0.831106 -0.013255 -0.003222 -0.510317 0.859878
183.294431 -162.799635 -0.838612 -0.012166 -0.006634 -0.514609 0.857313
183.629173 -163.575234 -0.848434 -0.007286 -0.007468 -0.461285 0.887190
183.966691 -164.303120 -0.845574 -0.012291 -0.003857 -0.482149 0.875995
184.339104 -165.045919 -0.840419 -0.012872 -0.007541 -0.455317 0.890205
184.728471 -165.803852 -0.842943 -0.008636 -0.007202 -0.453542 0.891164
185.111528 -166.537441 -0.835211 -0.010185 -0.012323 -0.457191 0.889225
185.526182 -167.276985 -0.847077 -0.012155 -0.007552 -0.450030 0.892899
185.949339 -167.971619 -0.840965 -0.005437 -0.010007 -0.418176 0.908295
186.565332 -168.506988 -0.848141 0.000045 -0.018784 0.034161 0.999240
187.399746 -168.570604 -0.839395 -0.001442 -0.019774 0.010300 0.999750
188.217417 -168.650958 -0.833655 -0.002320 -0.017800 0.017280 0.999690
189.073577 -168.732088 -0.823618 -0.006360 -0.018823 0.024212 0.999509
189.871902 -168.815524 -0.813359 -0.003926 -0.017354 0.024784 0.999534
190.677937 -168.872045 -0.823614 0.006306 -0.012262 0.051584 0.998573
191.345598 -168.395719 -0.803276 0.012596 -0.030222 0.524479 0.850793
191.663665 -167.659869 -0.764929 0.009655 -0.028430 0.621955 0.782477
191.953620 -166.855754 -0.760653 -0.004363 -0.024932 0.623094 0.781737
192.228340 -166.094396 -0.751920 -0.002507 -0.027130 0.645518 0.763259
191.532124 -165.696044 -0.761984 0.006697 -0.020647 0.985358 -0.169113
190.732416 -165.928369 -0.762006 0.010124 -0.021192 0.978314 -0.205793
189.949244 -166.153485 -0.770947 0.012483 -0.021852 0.981910 -0.187667
189.155764 -166.450377 -0.783332 0.009298 -0.019113 0.932351 -0.360929
188.561734 -167.077123 -0.798854 0.006732 -0.015573 0.838023 -0.545371
188.251593 -167.825429 -0.813559 0.006358 -0.011397 0.773872 -0.633208
187.961614 -168.603734 -0.835538 0.005933 -0.010767 0.774435 -0.632534
187.658272 -169.417102 -0.860552 0.004321 -0.009013 0.786095 -0.618025
187.335181 -170.220112 -0.874345 0.007027 -0.005322 0.793921 -0.607957
187.025991 -171.001504 -0.898006 0.004462 -0.008359 0.790542 -0.612335
186.696055 -171.786701 -0.914031 0.009187 -0.012005 0.805811 -0.591980
186.371366 -172.585047 -0.941112 0.012648 -0.016352 0.802275 -0.596597
186.034397 -173.375315 -0.955544 0.012707 -0.013598 0.802905 -0.595816
185.679581 -174.158135 -0.974987 0.010928 -0.012616 0.798256 -0.602087
185.327725 -174.942110 -0.993934 0.009529 -0.011499 0.795820 -0.605349
185.158979 -175.725088 -1.009235 0.009107 -0.004565 0.649117 -0.760620
185.358721 -176.532241 -1.024067 0.009242 0.000746 0.482785 -0.875690
185.779361 -177.225656 -1.041473 0.007236 0.001017 0.412002 -0.911154
186.267030 -177.921736 -1.058756 0.007305 -0.000402 0.424170 -0.905553
186.725362 -178.582551 -1.073817 0.006532 0.001134 0.373006 -0.927805
186.507267 -179.398738 -1.088124 0.010509 -0.016942 0.878712 -0.476935
185.968755 -179.999009 -1.097940 0.011869 -0.019174 0.892198 -0.451081
185.369520 -180.640944 -1.116720 0.013800 -0.021751 0.889345 -0.456510
184.801436 -181.252289 -1.130421 0.007390 -0.019647 0.878460 -0.477354
184.309875 -181.891318 -1.147125 0.011189 -0.019402 0.852360 -0.522475
183.819484 -182.551318 -1.164912 0.009794 -0.017707 0.853787 -0.520230
183.345835 -183.219049 -1.180162 0.006769 -0.020002 0.858643 -0.512139
182.850059 -183.886556 -1.207309 0.006955 -0.019231 0.867949 -0.496232
182.320306 -184.527254 -1.228353 0.008600 -0.019647 0.884214 -0.466590
181.754765 -185.174992 -1.246788 0.013167 -0.019570 0.882999 -0.468782
181.208385 -185.813546 -1.262560 0.015213 -0.023345 0.897287 -0.440567
180.640200 -186.399365 -1.271961 0.018656 -0.024002 0.923204 -0.383107
179.864941 -186.776474 -1.271147 0.012905 -0.024030 0.967113 -0.252881
179.063654 -186.947577 -1.282405 0.009151 -0.025200 0.989610 -0.141257
178.212517 -187.053406 -1.283108 0.007528 -0.031588 0.998041 -0.053470
177.403215 -186.941553 -1.274969 0.017400 -0.022912 0.999199 0.027828
176.599666 -186.802276 -1.255966 0.025042 -0.019352 0.999415 0.012997
175.800477 -186.678471 -1.234607 0.018758 -0.022740 0.999467 0.014042
174.958235 -186.528826 -1.229398 0.014174 -0.032179 0.996083 0.081133
174.168246 -186.202182 -1.217103 0.010793 -0.027209 0.990861 0.131672
173.387265 -185.937335 -1.205913 0.011251 -0.024885 0.997878 0.059103
172.561094 -185.748509 -1.193600 0.020277 -0.034459 0.997071 0.065191
171.788700 -185.537578 -1.164402 0.022283 -0.036254 0.996499 0.071970
170.999387 -185.303571 -1.157525 0.017979 -0.041539 0.995142 0.087431
170.191877 -185.048998 -1.136209 0.012751 -0.034211 0.994559 0.097567
169.424918 -184.775478 -1.115455 0.021385 -0.033139 0.992559 0.115201
168.664581 -184.504898 -1.076713 0.029803 -0.029014 0.994191 0.099266
167.867728 -184.241104 -1.066536 0.024214 -0.028169 0.993934 0.103518
167.096496 -183.970011 -1.015140 0.025484 -0.025550 0.994268 0.100640
166.278000 -183.691253 -1.020133 0.022258 -0.021089 0.997511 0.063491
165.462700 -183.519630 -0.977320 0.027903 -0.020220 0.998476 0.043100
164.611774 -183.355250 -0.950477 0.026774 -0.023408 0.999289 0.012512
163.732278 -183.209049 -0.924211 0.022381 -0.020127 0.999296 0.022407
162.937652 -183.041377 -0.866738 0.028067 -0.020504 0.997709 0.058040
162.094646 -182.819302 -0.851741 0.021260 -0.012754 0.997332 0.068663
161.292644 -182.581847 -0.850634 0.014980 -0.019138 0.996887 0.075005
160.512510 -182.328214 -0.838219 0.012764 -0.013196 0.996643 0.079786
159.669610 -182.059041 -0.841045 0.012631 -0.010154 0.996616 0.080591
158.889904 -181.825070 -0.816593 0.020394 -0.014611 0.997004 0.073162
158.052936 -181.593099 -0.801050 0.017049 -0.015549 0.997027 0.073513
157.214090 -181.346262 -0.765041 0.021403 -0.026325 0.996321 0.078699
156.409912 -181.098704 -0.763885 0.014147 -0.017326 0.996870 0.075822
155.579096 -180.836468 -0.754741 0.010495 -0.014693 0.996376 0.083114
154.791427 -180.603646 -0.745056 0.007101 -0.019036 0.996770 0.077699
153.997753 -180.360751 -0.737498 0.012549 -0.022196 0.996083 0.084662
153.206814 -180.128898 -0.739957 0.018021 -0.027810 0.996926 0.070994
152.421791 -179.938195 -0.726842 0.013962 -0.034078 0.995317 0.089374
151.602091 -179.665216 -0.708696 0.015733 -0.031039 0.995236 0.091069
150.788629 -179.403311 -0.723050 0.010959 -0.030889 0.994875 0.095654
150.012327 -179.146344 -0.719986 0.005772 -0.028781 0.995299 0.092296
149.220229 -178.885383 -0.734226 0.002237 -0.021410 0.996048 0.086172
148.409571 -178.645756 -0.724038 0.008057 -0.030300 0.995662 0.087603
147.603073 -178.456788 -0.738174 0.003592 -0.032106 0.999437 0.009062
146.778836 -178.335142 -0.726086 0.006954 -0.033936 0.999140 0.022798
145.944895 -178.150184 -0.732422 0.006732 -0.030172 0.996914 0.072165
145.185614 -177.895495 -0.722222 0.008992 -0.028150 0.996024 0.084046
144.396591 -177.664836 -0.713720 0.012382 -0.035348 0.995539 0.086594
143.616061 -177.406625 -0.701517 0.006242 -0.033698 0.994514 0.098825
142.805171 -177.132331 -0.695707 0.007035 -0.034909 0.993948 0.103921
142.043594 -176.833273 -0.693482 0.007398 -0.030759 0.993763 0.106931
141.208495 -176.579203 -0.686496 0.008631 -0.031213 0.994718 0.097406
140.388575 -176.326783 -0.689239 0.001193 -0.033566 0.995507 0.088536
139.603389 -176.094474 -0.694573 0.000204 -0.026155 0.996849 0.074888
138.776235 -175.907544 -0.707477 -0.004563 -0.030484 0.998776 0.038678
137.925903 -175.735999 -0.724426 0.005026 -0.035258 0.998963 0.028367
137.066258 -175.559544 -0.719059 0.006617 -0.033917 0.998014 0.052675
136.271386 -175.382937 -0.725512 0.001641 -0.035496 0.998002 0.052237
135.423001 -175.201245 -0.733448 0.004537 -0.037179 0.997890 0.053029
134.600085 -174.982515 -0.738424 -0.001239 -0.022364 0.998108 0.057254
133.779521 -174.808280 -0.736056 0.008176 -0.031084 0.998891 0.034393
132.987437 -174.611337 -0.733262 0.007465 -0.032847 0.997103 0.068195
132.179250 -174.399822 -0.722769 0.001782 -0.037389 0.996602 0.073367
131.409768 -174.164191 -0.738424 -0.004236 -0.034071 0.996214 0.079872
130.609326 -173.955411 -0.740894 0.000146 -0.034251 0.997470 0.062297
129.752840 -173.810590 -0.778184 -0.003838 -0.031584 0.998772 0.037982
128.965680 -173.655600 -0.790237 -0.006398 -0.033329 0.998697 0.038109
128.121363 -173.461830 -0.855378 -0.039549 -0.029189 0.998445 0.026311
127.318806 -173.345395 -0.895995 -0.029437 -0.031185 0.998563 0.032127
126.514243 -173.175127 -0.980362 -0.024977 -0.020162 0.999107 0.027463
125.698513 -172.997879 -1.033381 -0.030655 -0.031194 0.998338 0.037527
124.915480 -172.822415 -1.088943 -0.027874 -0.024563 0.997968 0.051771
124.148577 -172.457119 -1.144310 -0.016324 -0.025499 0.960763 0.275712
123.487536 -171.940518 -1.188828 -0.027385 -0.021797 0.966279 0.255109
122.989961 -171.205773 -1.154880 0.012216 -0.045612 0.832895 0.551413
122.875935 -170.387620 -1.139759 0.006303 -0.038258 0.777838 0.627267
122.849779 -169.560161 -1.113708 0.002888 -0.032633 0.678855 0.733541
123.087023 -168.769123 -1.070455 0.003974 -0.031990 0.577681 0.815626
123.440044 -167.989076 -1.048323 0.006806 -0.032683 0.599839 0.799424
123.790071 -167.192845 -1.019808 0.007914 -0.034695 0.601912 0.797769
124.137758 -166.375240 -0.989366 0.009609 -0.036781 0.600970 0.798367
124.476967 -165.593375 -0.939594 0.005058 -0.031784 0.600640 0.798871
124.813983 -164.840928 -0.914849 0.006778 -0.034008 0.600538 0.798844
125.152205 -164.072146 -0.882818 0.006526 -0.032251 0.601550 0.798158
125.512659 -163.266668 -0.855213 0.005477 -0.032356 0.598222 0.800658
125.873101 -162.505724 -0.814969 0.010132 -0.033893 0.595253 0.802760
126.260203 -161.632458 -0.790783 0.006410 -0.032298 0.594673 0.803293
126.581444 -160.880909 -0.761598 0.005767 -0.029284 0.594326 0.803670
126.928935 -160.133931 -0.726552 0.006042 -0.029884 0.599247 0.799983
127.279026 -159.337141 -0.702959 0.005388 -0.033091 0.597282 0.801331
127.660152 -158.448083 -0.679936 0.003954 -0.030552 0.586087 0.809662
128.093714 -157.625791 -0.678052 0.004879 -0.027847 0.563045 0.825943
128.551127 -156.884168 -0.626943 0.008269 -0.029913 0.552757 0.832764
128.956426 -156.184709 -0.617505 0.007860 -0.027710 0.553954 0.832049
129.400119 -155.422134 -0.568662 0.007127 -0.025469 0.559746 0.828242
129.835965 -154.657417 -0.553153 0.007114 -0.029299 0.557786 0.829437
130.255454 -153.905475 -0.528256 0.006545 -0.028500 0.558747 0.828823
130.657674 -153.201678 -0.503385 0.008615 -0.030323 0.559958 0.827921
131.042303 -152.480499 -0.477233 0.007470 -0.030657 0.560027 0.827873
131.512271 -151.680550 -0.445080 0.003588 -0.026284 0.559788 0.828211
131.917850 -150.940572 -0.426097 0.009325 -0.030326 0.568298 0.822211
132.301015 -150.190030 -0.424428 0.006375 -0.021945 0.592628 0.805152
132.659723 -149.440218 -0.420882 0.006602 -0.022465 0.592691 0.805090
133.004911 -148.656767 -0.380438 0.010899 -0.032696 0.597412 0.801194
133.317001 -147.864370 -0.348710 0.009460 -0.032293 0.627312 0.778040
133.629305 -147.047674 -0.328139 0.005199 -0.025347 0.626733 0.778804
133.899171 -146.262868 -0.331457 -0.006495 -0.018559 0.619477 0.784769
134.185195 -145.515080 -0.319775 -0.000013 -0.034125 0.617813 0.785584
134.478540 -144.765475 -0.302419 0.006849 -0.023518 0.625800 0.779599
134.766841 -143.963264 -0.296432 0.003235 -0.020407 0.628617 0.777441
135.053739 -143.148612 -0.283069 0.005617 -0.021989 0.636445 0.770988
135.324850 -142.335479 -0.266849 0.004844 -0.023119 0.639842 0.768143
135.585078 -141.556014 -0.251260 0.003138 -0.026924 0.639807 0.768058
135.853297 -140.738621 -0.245262 0.003033 -0.022695 0.634129 0.772888
136.129266 -139.934341 -0.235410 0.000183 -0.021344 0.632276 0.774449
136.398661 -139.138322 -0.232865 0.003126 -0.020859 0.632937 0.773916
136.675020 -138.340302 -0.218743 0.001109 -0.020367 0.632365 0.774402
136.939106 -137.544730 -0.197482 0.001887 -0.022793 0.635268 0.771953
137.214835 -136.741102 -0.206619 0.000271 -0.022044 0.640011 0.768049
137.505588 -135.925117 -0.200152 0.004200 -0.014808 0.637595 0.770218
137.777281 -135.090645 -0.210973 0.002315 -0.013205 0.637675 0.770189
138.056581 -134.268925 -0.194527 0.007074 -0.020991 0.634521 0.772588
138.317541 -133.476691 -0.200989 0.003828 -0.018028 0.645245 0.763754
138.532169 -132.679152 -0.187282 0.005259 -0.018753 0.665910 0.745778
138.734402 -131.849020 -0.189216 0.005435 -0.022314 0.669492 0.742464
138.884133 -131.062028 -0.197156 0.007784 -0.022429 0.708016 0.705797
139.000675 -130.229573 -0.170675 0.005067 -0.019867 0.706859 0.707057
139.094718 -129.404702 -0.166794 0.001558 -0.021594 0.709887 0.703982
139.199664 -128.603197 -0.185756 0.002833 -0.016913 0.709016 0.704984
139.300766 -127.741185 -0.154061 0.003865 -0.020977 0.710807 0.703063
139.391972 -126.939294 -0.153560 0.003512 -0.019703 0.728878 0.684351
139.713808 -126.191624 -0.157467 -0.000660 -0.016663 0.602706 0.797789
140.041429 -125.423873 -0.154206 -0.003092 -0.019421 0.595729 0.802945
140.376515 -124.681894 -0.159629 -0.003979 -0.016275 0.601632 0.798598
140.719657 -123.908798 -0.142740 -0.003475 -0.015958 0.595970 0.802840
141.075990 -123.122062 -0.164687 -0.003457 -0.015676 0.596297 0.802603
141.416002 -122.357393 -0.163518 -0.002479 -0.016028 0.595143 0.803456
141.766895 -121.580898 -0.166769 -0.003748 -0.019651 0.596696 0.802218
142.090245 -120.837432 -0.164495 -0.004759 -0.015800 0.609123 0.792904
142.318966 -120.070272 -0.154404 -0.000144 -0.021838 0.719645 0.693999
142.187624 -119.239321 -0.155026 0.001573 -0.020035 0.834861 0.550094
141.889297 -118.472465 -0.149376 0.004560 -0.017342 0.900859 0.433740
142.392296 -117.824420 -0.152153 0.001018 -0.020234 0.645610 0.763399
142.653309 -117.012113 -0.147144 0.001851 -0.017716 0.641160 0.767200
142.904930 -116.228251 -0.146831 0.000525 -0.015477 0.642304 0.766293
143.148534 -115.446535 -0.143512 0.000191 -0.018163 0.641633 0.766797
143.404645 -114.679304 -0.129963 0.002657 -0.019916 0.639465 0.768557
143.661596 -113.871427 -0.133226 0.001560 -0.015342 0.638979 0.769070
143.937248 -113.035651 -0.124949 0.005309 -0.019171 0.643392 0.765278
144.206497 -112.191943 -0.114899 0.001763 -0.019191 0.646899 0.762332
144.434033 -111.414706 -0.117012 0.006412 -0.016308 0.647735 0.761664
144.665447 -110.616202 -0.109891 0.000901 -0.015684 0.650060 0.759720
144.898849 -109.805700 -0.105219 0.002351 -0.017526 0.658199 0.752636
145.143927 -108.975132 -0.090948 0.005298 -0.016993 0.658944 0.751982
145.360222 -108.201470 -0.107342 0.002313 -0.017177 0.645253 0.763772
145.607701 -107.369696 -0.098811 0.002336 -0.019521 0.654388 0.755904
145.823477 -106.593512 -0.105354 0.001215 -0.018681 0.644454 0.764414
146.056515 -105.801759 -0.100389 -0.003360 -0.015890 0.648542 0.761006
146.276021 -105.032585 -0.086553 -0.000439 -0.018625 0.662965 0.748419
146.494170 -104.202075 -0.082092 -0.001661 -0.017690 0.660151 0.750923
146.711087 -103.388499 -0.092026 -0.000361 -0.015048 0.668605 0.743466
146.906273 -102.587205 -0.086315 0.000928 -0.017603 0.663321 0.748127
147.108015 -101.810050 -0.094353 -0.003183 -0.016034 0.655610 0.754923
147.341474 -101.007741 -0.094674 0.000877 -0.018583 0.670445 0.741726
147.338029 -100.158814 -0.083446 0.004420 -0.018424 0.833442 0.552282
146.969853 -99.444357 -0.076453 0.007890 -0.019114 0.893259 0.449067
146.718950 -98.672921 -0.064746 0.000403 -0.020077 0.629016 0.777133
147.007802 -97.872004 -0.071076 -0.001214 -0.018003 0.620138 0.784285
147.312288 -97.083771 -0.058767 0.001582 -0.020505 0.632602 0.774204
147.484094 -96.270503 -0.062418 -0.000314 -0.019062 0.705781 0.708174
147.625323 -95.439715 -0.063687 -0.002169 -0.022709 0.690631 0.722848
147.772407 -94.595262 -0.059647 -0.000572 -0.018677 0.687144 0.726281
147.910392 -93.773565 -0.064148 0.001556 -0.019463 0.715426 0.698416
147.994558 -92.920679 -0.054833 0.000589 -0.020076 0.713090 0.700785
148.046458 -92.069957 -0.047457 -0.004245 -0.022087 0.739295 0.673006
148.092549 -91.227581 -0.059559 -0.003941 -0.016651 0.731722 0.681388
148.076875 -90.395359 -0.037268 0.001104 -0.021033 0.773286 0.633708
148.047429 -89.528876 -0.055100 0.000603 -0.022545 0.765110 0.643505
148.012639 -88.691680 -0.049995 -0.000311 -0.019019 0.763755 0.645226
147.972404 -87.891465 -0.051771 -0.002723 -0.016900 0.763102 0.646052
147.951747 -87.032332 -0.047094 -0.000046 -0.019943 0.755660 0.654660
147.925507 -86.155901 -0.050135 -0.004510 -0.020206 0.761149 0.648247
147.920730 -85.355562 -0.048021 -0.002898 -0.018427 0.748760 0.662578
147.934132 -84.539803 -0.056000 -0.002842 -0.016692 0.746138 0.665575
147.931512 -83.661068 -0.056445 -0.002822 -0.016875 0.749834 0.661405
147.950545 -82.759863 -0.053315 0.002419 -0.019593 0.748868 0.662426
147.989412 -81.955433 -0.062047 -0.000046 -0.014639 0.728349 0.685050
148.058858 -81.060248 -0.066490 -0.001478 -0.016905 0.731648 0.681471
148.113101 -80.177371 -0.074369 0.000816 -0.016087 0.736234 0.676535
148.157115 -79.361739 -0.078484 0.001459 -0.011127 0.736180 0.676693
148.189885 -78.477460 -0.082200 0.002125 -0.014098 0.744244 0.667756
148.197696 -77.636870 -0.087551 -0.003124 -0.011141 0.745814 0.666054
148.229012 -76.813015 -0.106472 -0.000266 -0.010820 0.735266 0.677693
148.257315 -75.981224 -0.093478 0.000896 -0.019142 0.745718 0.665986
148.266487 -75.152884 -0.109675 -0.000504 -0.013403 0.748705 0.662768
148.271845 -74.298933 -0.109638 0.001532 -0.017652 0.746915 0.664683
148.281481 -73.487798 -0.105859 -0.002918 -0.014208 0.747175 0.664469
148.291279 -72.685411 -0.109784 -0.001443 -0.018361 0.744228 0.667672
148.321524 -71.856085 -0.118481 -0.004825 -0.013282 0.744057 0.667966
148.345809 -71.041616 -0.123934 -0.003945 -0.015628 0.740961 0.671355
148.368433 -70.169173 -0.123917 -0.002727 -0.015782 0.741523 0.670737
148.388713 -69.361023 -0.135264 -0.002439 -0.014189 0.745141 0.666752
148.390509 -68.490376 -0.127487 -0.003925 -0.010078 0.755248 0.655350
148.357004 -67.617041 -0.127417 0.002627 -0.013472 0.782948 0.621936
148.240079 -66.800100 -0.133025 0.002438 -0.010139 0.802176 0.596997
148.093671 -65.953858 -0.146854 0.000460 -0.009931 0.812513 0.582859
147.923736 -65.133170 -0.151764 0.002512 -0.013281 0.813893 0.580858
147.766240 -64.344801 -0.164775 -0.002218 -0.015204 0.814226 0.580345
147.606017 -63.503807 -0.179949 -0.004620 -0.014429 0.809978 0.586265
147.424263 -62.697325 -0.172564 0.000083 -0.021911 0.813206 0.581563
147.265047 -61.887162 -0.170965 -0.003152 -0.014105 0.806986 0.590394
147.131541 -61.059828 -0.178904 -0.002588 -0.012831 0.800389 0.599338
146.999232 -60.192590 -0.206655 -0.003368 -0.013290 0.795895 0.605279
146.889223 -59.377761 -0.195412 -0.000605 -0.010602 0.812020 0.583533
146.728970 -58.504251 -0.193078 0.000681 -0.014896 0.801673 0.597577
146.577260 -57.634126 -0.210865 0.000973 -0.015114 0.804395 0.593901
146.419066 -56.788032 -0.215261 -0.002022 -0.022698 0.804304 0.593781
146.285203 -55.948842 -0.228598 -0.007375 -0.014900 0.804075 0.594296
146.145408 -55.120453 -0.227243 -0.004190 -0.014435 0.806879 0.590526
145.991321 -54.279830 -0.243429 0.000215 -0.016683 0.799506 0.600427
145.830550 -53.419705 -0.253940 -0.001601 -0.018307 0.829929 0.557566
145.643640 -52.601778 -0.234627 -0.000150 -0.023893 0.817859 0.574922
145.440055 -51.822147 -0.267510 0.003206 -0.014869 0.821351 0.570220
145.258743 -50.991435 -0.236711 0.004358 -0.018927 0.824962 0.564855
145.067975 -50.167045 -0.243306 0.003008 -0.013648 0.821645 0.569828
144.882654 -49.354570 -0.225026 0.003515 -0.017128 0.824313 0.565864
144.720704 -48.532300 -0.235636 0.002504 -0.016534 0.801721 0.597465
144.606380 -47.658655 -0.228936 0.004000 -0.019192 0.786680 0.617050
144.495931 -46.850286 -0.219096 0.005708 -0.019454 0.788532 0.614660
144.407601 -46.006884 -0.221133 0.003109 -0.018822 0.785416 0.618674
144.320600 -45.150942 -0.215582 0.004694 -0.019685 0.774885 0.631779
144.265748 -44.297736 -0.213928 0.002400 -0.016516 0.779717 0.625910
144.167985 -43.478292 -0.210331 0.003891 -0.018084 0.780820 0.624482
144.109792 -42.621814 -0.195677 0.006018 -0.017715 0.783523 0.621081
144.025894 -41.752087 -0.194656 0.005114 -0.017901 0.779426 0.626218
143.950358 -40.953903 -0.197432 0.004104 -0.018925 0.769910 0.637858
143.937130 -40.116950 -0.199320 -0.001155 -0.015043 0.762564 0.646736
143.907610 -39.292172 -0.197581 0.001891 -0.012086 0.753818 0.656969
143.958947 -38.431989 -0.198722 0.002564 -0.013606 0.721542 0.692232
144.023186 -37.573758 -0.198238 0.001922 -0.014375 0.732826 0.680262
144.079969 -36.772737 -0.188405 0.001738 -0.015571 0.728299 0.685080
144.132755 -35.927706 -0.197462 0.002630 -0.016240 0.733463 0.679530
144.179521 -35.104894 -0.192796 0.002468 -0.015462 0.732864 0.680195
144.208157 -34.263437 -0.183198 0.002769 -0.019456 0.738661 0.673790
144.253189 -33.448827 -0.185842 0.002889 -0.018219 0.741609 0.670579
144.279063 -32.634636 -0.183261 0.004008 -0.015969 0.739905 0.672510
144.310313 -31.822502 -0.180346 0.004080 -0.017551 0.737555 0.675046
144.337268 -30.983782 -0.173211 0.004062 -0.017492 0.752138 0.658761
143.558583 -31.301958 -0.185514 -0.019021 0.014859 -0.967578 0.251415
142.483533 -31.712928 -0.167212 -0.015345 0.014016 -0.966547 0.255647
141.550652 -32.069022 -0.174559 -0.013542 0.014309 -0.978300 0.206257
140.766151 -32.274827 -0.157742 -0.023667 0.015770 -0.977851 0.207360
139.887304 -32.553030 -0.145148 -0.019139 0.017755 -0.978530 0.204443
139.043665 -32.773116 -0.123542 -0.026049 0.009781 -0.980249 0.195802
138.266906 -32.993121 -0.125113 -0.016732 0.016190 -0.978336 0.205710
137.448641 -33.204665 -0.115232 -0.016532 0.015553 -0.982483 0.184965
136.641169 -33.417937 -0.103857 -0.023521 0.012563 -0.980597 0.194211
135.849865 -33.635682 -0.104402 -0.016305 0.009183 -0.979783 0.199186
135.062410 -33.849746 -0.096655 -0.013126 0.014142 -0.976957 0.212564
134.239970 -34.096985 -0.108430 -0.008548 0.021014 -0.981189 0.191712
133.429876 -34.305913 -0.107317 -0.017957 0.018752 -0.981588 0.189239
132.650327 -34.520383 -0.102313 -0.013935 0.021299 -0.981862 0.187883
131.827211 -34.699777 -0.094301 -0.017689 0.014376 -0.982025 0.187367
131.020527 -34.890056 -0.088558 -0.015042 0.014171 -0.983485 0.179808
130.219428 -35.132299 -0.089084 -0.007656 0.016476 -0.970068 0.242153
129.439754 -35.398726 -0.100336 -0.016329 0.018488 -0.974827 0.221593
128.638053 -35.664513 -0.105179 -0.013748 0.016519 -0.975872 0.217285
127.847322 -35.907661 -0.093024 -0.013116 0.017138 -0.976189 0.215847
127.028799 -36.180281 -0.109560 -0.013133 0.019636 -0.977094 0.211495
126.169722 -36.386992 -0.108863 -0.013015 0.017953 -0.992032 0.124023
125.350915 -36.457998 -0.106033 -0.015237 0.018494 -0.995260 0.094255
124.524857 -36.490653 -0.110426 -0.013725 0.019231 -0.996027 0.085858
123.690274 -36.538204 -0.099515 -0.012815 0.017138 -0.995680 0.090349
122.859962 -36.583212 -0.108389 -0.013307 0.014731 -0.995349 0.094270
121.995409 -36.628136 -0.104469 -0.012806 0.017024 -0.995407 0.093335
121.134483 -36.686229 -0.099705 -0.012126 0.016816 -0.995457 0.092931
120.291457 -36.730960 -0.102048 -0.010904 0.017414 -0.995837 0.088802
119.468543 -36.773929 -0.106662 -0.011741 0.016411 -0.995143 0.096352
118.648418 -36.831355 -0.109287 -0.010361 0.014414 -0.994282 0.105303
117.804566 -36.900431 -0.117205 -0.009508 0.015350 -0.994186 0.106153
116.978222 -36.949215 -0.122220 -0.010363 0.016327 -0.995050 0.097480
116.107810 -37.005606 -0.128896 -0.009855 0.014765 -0.995176 0.096490
115.305534 -37.056374 -0.135841 -0.008397 0.015644 -0.993538 0.112099
114.987865 -36.274275 -0.139924 -0.001583 0.020793 -0.845515 -0.533544
114.846057 -35.447649 -0.141878 -0.000717 0.021919 -0.779465 -0.626061
114.836960 -34.630338 -0.140727 0.000381 0.023150 -0.755916 -0.654259
114.804614 -33.820576 -0.128878 0.002116 0.022944 -0.756999 -0.653009
114.809156 -33.018391 -0.130560 0.001252 0.022255 -0.763735 -0.645145
114.665518 -32.169217 -0.112978 0.001036 0.021559 -0.820639 -0.571039
114.407412 -31.394511 -0.126720 -0.001974 0.023977 -0.909607 -0.414772
113.764936 -30.893167 -0.106877 -0.019667 0.018481 -0.994318 -0.102977
112.980747 -30.734166 -0.092369 -0.018562 0.017039 -0.999645 -0.008610
112.124265 -30.623347 -0.098057 -0.009563 0.016536 -0.999642 -0.018738
111.286682 -30.459039 -0.105808 -0.009416 0.017950 -0.999248 -0.033062
110.459748 -30.291565 -0.104239 -0.017784 0.015650 -0.999325 -0.028080
109.653020 -30.139035 -0.097235 -0.011234 0.016905 -0.999414 -0.027568
108.807465 -29.994804 -0.095459 -0.010230 0.019751 -0.999460 -0.024181
107.982838 -29.843736 -0.097223 -0.004168 0.021245 -0.999614 -0.017420
107.152330 -29.708261 -0.107949 -0.007735 0.017658 -0.999791 -0.006850
106.309584 -29.590459 -0.114724 -0.012601 0.019274 -0.999686 -0.009839
105.484625 -29.455789 -0.098937 -0.011294 0.018175 -0.999699 -0.012023
104.666772 -29.344332 -0.125359 -0.007959 0.019141 -0.999778 0.003696
103.863454 -29.240748 -0.106912 -0.012181 0.022057 -0.999679 -0.002476
103.021953 -29.131565 -0.112201 -0.007663 0.020342 -0.999738 -0.007219
102.184105 -29.009924 -0.095153 -0.018658 0.024955 -0.999465 -0.009930
101.324118 -28.874069 -0.106208 -0.007744 0.019318 -0.999660 -0.015712
100.495070 -28.740491 -0.109568 -0.009347 0.019341 -0.999459 -0.024887
99.690872 -28.613510 -0.119630 -0.013799 0.018287 -0.999646 -0.013511
98.882157 -28.486531 -0.106685 -0.012486 0.017277 -0.999643 -0.016093
98.056786 -28.338357 -0.110544 -0.011538 0.015101 -0.999690 -0.016070
97.207212 -28.223633 -0.110807 -0.015164 0.020226 -0.999678 -0.002168
96.373083 -28.085555 -0.099777 -0.013226 0.022291 -0.999545 -0.015421
95.496238 -27.949011 -0.106358 -0.012358 0.018619 -0.999571 -0.018923
94.666176 -27.807195 -0.097492 -0.011275 0.020711 -0.999585 -0.016555
93.826763 -27.671119 -0.088112 -0.014441 0.024896 -0.999427 -0.017801
92.980224 -27.564705 -0.087440 -0.013513 0.021416 -0.999671 0.003968
92.125389 -27.455675 -0.089732 -0.012755 0.020896 -0.999695 -0.003353
91.301323 -27.340423 -0.076013 -0.015865 0.021790 -0.999634 -0.002130
90.476632 -27.245923 -0.086323 -0.010694 0.020904 -0.999657 0.011633
89.601799 -27.107252 -0.067012 -0.015434 0.020723 -0.999621 -0.009517
88.795224 -27.006174 -0.075411 -0.007935 0.017758 -0.999623 0.019394
87.965079 -26.895051 -0.080782 -0.009987 0.020498 -0.999718 -0.006707
87.121833 -26.796404 -0.082615 -0.013437 0.022840 -0.999641 -0.003961
86.318392 -26.686217 -0.077358 -0.017513 0.022240 -0.999590 -0.004358
85.498658 -26.547183 -0.058012 -0.011672 0.017057 -0.999774 -0.004979
84.679068 -26.447550 -0.075087 -0.008959 0.015977 -0.999830 0.002248
83.808803 -26.365034 -0.062920 -0.011677 0.020973 -0.998351 0.052141
82.964719 -26.350092 -0.061603 -0.016032 0.022533 -0.998491 0.047434
82.123543 -26.319007 -0.056853 -0.016279 0.022275 -0.998653 0.043942
81.276513 -26.283061 -0.055030 -0.014634 0.018852 -0.998384 0.051568
80.440968 -26.253954 -0.046402 -0.011282 0.017287 -0.998544 0.049847
79.620389 -26.249409 -0.052366 -0.013110 0.017141 -0.996218 0.084169
78.809457 -26.232808 -0.053177 -0.013764 0.017252 -0.998074 0.057975
77.981698 -26.218509 -0.048384 -0.010972 0.017734 -0.998719 0.046105
77.160476 -26.174736 -0.053167 -0.013358 0.016271 -0.999427 0.026512
76.352196 -26.110747 -0.045857 -0.011985 0.015956 -0.999382 0.028947
75.541104 -26.041601 -0.046479 -0.013165 0.015100 -0.999237 0.033540
74.707868 -25.991863 -0.044130 -0.013367 0.013798 -0.999234 0.034082
73.859487 -25.940759 -0.044584 -0.009602 0.014224 -0.999372 0.031007
73.029468 -25.886536 -0.036888 -0.011258 0.015579 -0.998609 0.049092
72.220162 -25.830532 -0.027734 -0.012693 0.015315 -0.999602 0.019991
71.413867 -25.760672 -0.032881 -0.014119 0.015446 -0.999714 0.011547
70.574713 -25.658691 -0.039601 -0.012714 0.013975 -0.999818 0.002615
69.701594 -25.489622 -0.022988 -0.010954 0.016400 -0.999052 -0.038806
68.886767 -25.336117 -0.030524 -0.013535 0.016259 -0.999238 -0.032812
68.040173 -25.169429 -0.030230 -0.013836 0.018274 -0.999015 -0.038001
67.202532 -25.017258 -0.013271 -0.014075 0.017513 -0.999637 -0.014845
66.367168 -24.896190 -0.016412 -0.010389 0.019607 -0.999634 -0.015487
65.543861 -24.753621 -0.012128 -0.011027 0.018733 -0.999763 -0.001522
64.723112 -24.657941 -0.012475 -0.012319 0.021030 -0.999696 -0.003741
63.867181 -24.523799 -0.008769 -0.006745 0.016875 -0.999742 -0.013594
63.059055 -24.417537 -0.006663 -0.008303 0.017469 -0.999290 0.032319
62.252143 -24.331816 -0.011305 -0.010096 0.018183 -0.999715 0.011699
61.378069 -24.230598 -0.009263 -0.008498 0.018197 -0.999785 0.005149
60.510687 -24.128227 -0.014708 -0.010051 0.016426 -0.999764 0.010026
59.703312 -24.034665 -0.011175 -0.010972 0.016204 -0.999731 0.012453
58.852366 -23.946765 -0.015323 -0.011492 0.014551 -0.999762 0.011488
58.000075 -23.845279 0.004426 -0.012036 0.017445 -0.999758 0.005834
57.193604 -23.796084 -0.005785 -0.011451 0.019101 -0.999417 0.025886
56.347158 -23.706045 -0.007382 -0.012798 0.018308 -0.999711 0.008920
55.484630 -23.609902 -0.000035 -0.013441 0.019139 -0.999672 0.010460
54.686144 -23.512235 -0.003122 -0.011842 0.015371 -0.999795 0.005810
53.793591 -23.404967 0.010378 -0.012238 0.016670 -0.999767 0.006243
52.973375 -23.309020 -0.001908 -0.010036 0.013417 -0.999755 0.014467
52.091138 -23.244193 0.012915 -0.013594 0.012544 -0.998668 0.048172
51.213380 -23.199552 -0.001355 -0.013304 0.014863 -0.999270 0.032572
50.377824 -23.158034 -0.008456 -0.011210 0.016580 -0.998799 0.044718
49.530658 -23.130985 0.008123 -0.012072 0.017527 -0.998787 0.044406
48.658464 -23.088581 0.011744 -0.013430 0.016908 -0.998994 0.039307
47.843315 -23.057392 0.002986 -0.010025 0.015143 -0.998742 0.046750
47.032291 -23.016570 -0.006055 -0.012904 0.014331 -0.999241 0.033835
46.159688 -22.948145 -0.003044 -0.014072 0.014888 -0.999242 0.033109
45.313426 -22.886793 -0.003067 -0.013931 0.016437 -0.999276 0.031361
44.484757 -22.820866 0.006006 -0.013334 0.016963 -0.999532 0.021688
43.646265 -22.748986 0.019851 -0.013867 0.017652 -0.999183 0.033602
42.750874 -22.690908 0.023423 -0.010888 0.018305 -0.999672 0.014246
41.906199 -22.602114 0.037213 -0.013959 0.015443 -0.999374 0.028618
41.105157 -22.543613 0.022102 -0.013337 0.015559 -0.999527 0.022941
40.256033 -22.469008 0.030972 -0.011316 0.016593 -0.999546 0.022459
39.455281 -22.423252 0.017395 -0.009412 0.014854 -0.998509 0.051670
38.642153 -22.397003 0.029310 -0.010321 0.014597 -0.999281 0.033420
37.795795 -22.310005 0.016985 -0.010799 0.013013 -0.999421 0.029540
36.991815 -22.252432 0.010298 -0.007179 0.012227 -0.999435 0.030490
36.123321 -22.199399 0.006508 -0.014597 0.013485 -0.999279 0.032336
35.317120 -22.134755 0.015852 -0.014486 0.015319 -0.999309 0.030610
34.453068 -22.080230 0.019425 -0.010974 0.016781 -0.999413 0.027794
33.635726 -22.012875 0.015660 -0.010804 0.015698 -0.999391 0.029247
32.788336 -21.951049 0.018074 -0.008363 0.012744 -0.999334 0.033159
31.916911 -21.893451 0.000710 -0.011436 0.015379 -0.999279 0.032786
31.093793 -21.841542 0.008110 -0.011584 0.012811 -0.998028 0.060346
30.240342 -21.774826 0.016154 -0.013056 0.012282 -0.999229 0.034943
29.381808 -21.727880 0.018147 -0.013459 0.015265 -0.999064 0.038177
28.515806 -21.646951 0.008078 -0.013151 0.017727 -0.999670 0.013135
27.700160 -21.584865 0.020749 -0.011658 0.019880 -0.999427 0.024803
26.897184 -21.504194 0.008056 -0.009680 0.018777 -0.999692 0.013009
26.022507 -21.395905 0.013393 -0.010320 0.019419 -0.999731 -0.007323
25.225362 -21.281563 0.002320 -0.003754 0.016366 -0.999847 -0.004984
24.407472 -21.159565 -0.002014 -0.003576 0.015048 -0.999870 -0.004645
23.558775 -21.047627 -0.020956 -0.003378 0.016227 -0.999862 0.000616
22.737594 -20.942831 -0.018574 -0.005209 0.018489 -0.999810 0.003317
21.921523 -20.845709 -0.037159 -0.007912 0.016927 -0.999823 0.002185
21.040685 -20.709128 -0.039886 -0.007270 0.014808 -0.999849 -0.005425
20.202352 -20.590026 -0.063368 0.000673 0.015754 -0.999875 -0.000805
19.373110 -20.498917 -0.082127 0.001339 0.017511 -0.999846 0.000331
18.545709 -20.381900 -0.095895 -0.000260 0.019487 -0.999810 -0.000352
17.712620 -20.289413 -0.123741 0.005719 0.021920 -0.999741 0.002305
16.874845 -20.190632 -0.142012 0.005268 0.022919 -0.999716 -0.003805
16.076871 -20.007429 -0.153553 0.002048 0.025777 -0.993042 -0.114889
15.344459 -19.595837 -0.159463 -0.006189 0.024440 -0.976750 -0.212892
15.363048 -18.749923 -0.148039 -0.004276 0.025882 -0.713701 -0.699959
15.237119 -17.953660 -0.136227 -0.007855 0.022621 -0.993737 -0.109151
14.419672 -17.928666 -0.140387 -0.012674 0.022276 -0.993583 0.110168
13.594693 -18.017279 -0.134452 -0.010448 0.023508 -0.988350 0.150010
12.756956 -18.176337 -0.153183 -0.009494 0.023926 -0.989218 0.144174
11.938520 -18.289764 -0.152347 -0.010689 0.020917 -0.989192 0.144735
11.105527 -18.427825 -0.160705 -0.010344 0.020291 -0.989436 0.143172
10.219219 -18.541874 -0.172545 -0.009752 0.020038 -0.990846 0.133143
9.366137 -18.541773 -0.171191 -0.007401 0.023058 -0.999239 -0.030577
8.591725 -18.247712 -0.172617 -0.005480 0.026698 -0.978577 -0.204069
7.963721 -17.735738 -0.163550 -0.003410 0.024218 -0.948373 -0.316213
7.279240 -17.093535 -0.162388 -0.007127 0.028457 -0.950414 -0.309601
6.677628 -16.512316 -0.150217 -0.007392 0.020595 -0.950847 -0.308888
6.010508 -15.909569 -0.149287 -0.004519 0.027733 -0.950716 -0.308787
5.388008 -15.323095 -0.136952 -0.005877 0.026470 -0.954956 -0.295505
4.832244 -14.732626 -0.122686 -0.008941 0.027979 -0.920791 -0.388949
4.504063 -13.998659 -0.120470 -0.000118 0.028904 -0.802942 -0.595356
4.581457 -13.160291 -0.103964 -0.000446 0.027044 -0.653756 -0.756221
4.787170 -12.313638 -0.092398 0.001196 0.025059 -0.688523 -0.724781
4.841742 -11.486085 -0.082913 -0.003737 0.028645 -0.733764 -0.678790
4.888303 -10.582814 -0.064507 -0.002901 0.026991 -0.736364 -0.676041
4.893064 -9.733925 -0.050116 -0.003275 0.027108 -0.777546 -0.628233
4.829347 -8.907262 -0.031177 -0.004241 0.031211 -0.775473 -0.630594
4.767346 -8.105979 -0.016984 -0.004649 0.027770 -0.773720 -0.632902
4.692167 -7.308941 -0.002905 -0.006365 0.025121 -0.797729 -0.602459
4.453541 -6.508679 0.010107 -0.008433 0.022783 -0.888344 -0.458536
3.829103 -5.980177 0.019586 -0.012101 0.021594 -0.987591 -0.155086
3.010329 -5.702426 0.013512 -0.010576 0.016288 -0.994782 -0.100156
2.221452 -5.421313 0.013303 -0.011510 0.013930 -0.996556 -0.080935
1.444116 -5.195236 0.009209 -0.011349 0.016587 -0.997784 -0.063435
0.615351 -5.026784 0.019221 -0.011265 0.016208 -0.999170 -0.035631
-0.230497 -4.865907 0.018192 -0.011452 0.016073 -0.999737 -0.011678
-1.047981 -4.730630 0.021309 -0.014368 0.015931 -0.999701 -0.011774
-1.879685 -4.610906 0.021214 -0.012657 0.014702 -0.999789 -0.006788
-2.687502 -4.498476 0.022754 -0.015240 0.010826 -0.999820 0.003204
-3.527225 -4.399607 0.027005 -0.014057 0.011062 -0.999819 0.006483
-4.332877 -4.266801 0.009895 -0.000930 0.014106 -0.990515 -0.136673
-4.915844 -3.718394 0.008330 -0.001019 0.012800 -0.908734 -0.417178
-5.124362 -2.945754 0.017165 0.002488 0.021765 -0.754237 -0.656236
-5.050089 -2.125476 0.020914 0.001145 0.021571 -0.710691 -0.703172
-5.033788 -1.263918 0.020857 0.001206 0.020684 -0.799340 -0.600522
-5.144291 -0.448960 0.024082 -0.000545 0.023072 -0.786589 -0.617045
-5.221444 0.372073 0.031557 -0.001806 0.025047 -0.778073 -0.627672
-5.252160 1.175777 0.028948 0.000974 0.018990 -0.765886 -0.642695
-5.285916 1.982083 0.025899 0.004776 0.017081 -0.769605 -0.638274
-5.066629 1.171730 0.028258 -0.004355 0.018646 -0.909811 -0.414580
-5.766012 1.560650 0.019741 -0.009008 0.014164 -0.995230 -0.096099
-6.590552 1.664823 0.014038 -0.007144 0.009707 -0.991442 0.129988
-7.413451 1.476411 -0.003628 -0.008825 0.012333 -0.981610 0.190297
-8.198127 1.287817 -0.006224 -0.012658 0.015124 -0.983403 0.180359
-8.992192 1.101411 -0.009114 -0.011664 0.015628 -0.985823 0.166650
-9.805517 0.994105 -0.012370 -0.008402 0.018458 -0.995390 0.093745
-10.649440 1.022728 -0.020207 -0.006587 0.016496 -0.999614 0.021369
-11.468669 1.072612 -0.018417 -0.006484 0.012743 -0.999401 0.031518
-12.258473 1.208227 -0.026843 -0.008546 0.013451 -0.997487 -0.069041
-12.997413 1.535420 -0.024150 -0.006742 0.018411 -0.973040 -0.229802
-13.568203 2.100177 -0.029279 -0.001259 0.019468 -0.912214 -0.409250
-13.895404 2.841210 -0.022109 -0.000374 0.022123 -0.863643 -0.503618
-14.210384 3.601200 -0.025305 0.003989 0.022726 -0.861535 -0.507173
-14.442685 4.416224 -0.022244 0.000489 0.020123 -0.828346 -0.559855
-14.187916 3.599583 -0.020888 -0.001443 0.027889 -0.827988 -0.560051
-14.081165 2.753541 -0.024590 0.000569 0.023803 -0.721385 -0.692125
-14.284834 1.947856 -0.024677 0.006298 0.021534 -0.567300 -0.823206
-13.499438 2.254158 -0.022918 0.012941 0.013088 -0.046498 -0.998749
-12.656963 2.229314 -0.013736 0.015274 0.013551 -0.037225 -0.999098
-11.851156 2.165916 -0.015355 0.014099 0.015220 -0.032773 -0.999247
-11.047869 2.111127 -0.002882 0.014992 0.017739 -0.029549 -0.999293
-10.188421 2.050263 -0.004787 0.012072 0.015627 -0.011392 -0.999740
-9.350714 1.909766 0.004250 0.016204 0.015462 0.061380 -0.997863
-8.544658 1.707637 -0.001014 0.014157 0.011912 0.061803 -0.997917
-7.723787 1.483400 0.011674 0.013466 0.012292 0.064461 -0.997754
-6.927216 1.267284 0.005056 0.012347 0.014545 0.069718 -0.997384
-6.080832 1.044075 0.020433 0.014791 0.016279 0.060341 -0.997935
-5.232553 0.812570 0.019463 0.016806 0.012686 0.067952 -0.997466
-4.421869 0.581938 0.026882 0.015057 0.010746 0.071884 -0.997241
-3.630009 0.397363 0.032039 0.015292 0.010787 0.025701 -0.999495
-2.799830 0.391708 0.035197 0.010823 0.016296 -0.163321 -0.986379
-2.012326 0.588424 0.032662 0.010079 0.012756 -0.170310 -0.985256
-1.213994 0.826824 0.024745 0.009124 0.011074 -0.255312 -0.966752
-0.505389 1.207664 0.023826 0.009577 0.015037 -0.357908 -0.933587
0.183745 1.752156 0.020629 0.004439 0.013433 -0.426758 -0.904255
0.767035 2.392359 0.026021 0.000283 0.012852 -0.499701 -0.866102
1.221985 3.078451 0.018749 0.003956 0.015164 -0.559556 -0.828644
1.568271 3.828257 0.010624 0.004799 0.016626 -0.595262 -0.803346
1.908322 4.552983 0.021989 0.004068 0.017773 -0.594064 -0.804211
2.235782 5.292677 0.017603 0.004556 0.018124 -0.606499 -0.794865
2.226295 6.125987 0.014930 -0.001842 0.018715 -0.816296 -0.577327
2.060084 6.964035 0.020158 -0.000229 0.018588 -0.810222 -0.585828
1.906441 7.819922 0.017033 -0.003627 0.017637 -0.818330 -0.574466
1.725493 8.609596 0.008986 -0.004141 0.019153 -0.818667 -0.573934
1.553819 9.415665 0.021706 -0.005388 0.016028 -0.822102 -0.569089
1.340285 10.245063 0.030322 -0.008037 0.015938 -0.822307 -0.568764
1.168950 11.031371 0.024004 -0.001901 0.019634 -0.827404 -0.561261
0.962786 11.843096 0.027697 0.001004 0.018848 -0.826484 -0.562644
1.562053 12.449341 0.041983 0.007889 0.014739 -0.425489 -0.904809
2.284479 12.845892 0.047551 0.009519 0.016277 -0.286168 -0.957994
3.059480 13.173408 0.057854 0.012367 0.016533 -0.246439 -0.968938
3.853591 13.355102 0.050425 0.018116 0.013843 -0.067447 -0.997462
4.659321 13.198809 0.050689 0.020524 0.011886 0.098658 -0.994839
5.444138 13.036361 0.062949 0.015490 0.009741 0.018793 -0.999656
6.247335 12.912549 0.051366 0.008077 0.012442 0.016193 -0.999759
7.074246 12.757822 0.059142 0.008191 0.013619 0.020005 -0.999674
7.874284 12.644547 0.060674 0.009526 0.011615 0.015426 -0.999768
8.705663 12.519318 0.052750 0.009948 0.009999 -0.018081 -0.999737
9.560548 12.477062 0.066032 0.010729 0.012693 -0.025898 -0.999526
10.366518 12.412902 0.063139 0.009010 0.016001 -0.013154 -0.999745
11.200317 12.323243 0.057752 0.006753 0.012619 -0.017217 -0.999749
12.009388 12.245655 0.060617 0.008398 0.015044 -0.012702 -0.999771
12.860116 12.093237 0.058700 0.009711 0.012655 0.012619 -0.999793
13.699044 12.004843 0.059167 0.013133 0.010375 -0.008362 -0.999825
14.494105 11.904946 0.063678 0.015422 0.010911 -0.001056 -0.999821
15.353918 11.760365 0.070903 0.015114 0.011120 0.008422 -0.999788
16.167925 11.662175 0.079359 0.016606 0.011553 0.000266 -0.999795
17.004710 11.574738 0.075295 0.014748 0.011167 -0.010859 -0.999770
17.845896 11.549194 0.070916 0.011723 0.013724 -0.041147 -0.998990
18.655727 11.510798 0.071989 0.009252 0.015159 -0.031578 -0.999343
19.445476 11.500462 0.078559 0.009028 0.014494 -0.107792 -0.994027
18.637105 11.398836 0.074252 0.007654 0.018902 -0.113153 -0.993368
17.823340 11.478183 0.075178 0.014130 0.012903 0.097351 -0.995066
17.935685 10.685980 0.080231 0.016545 -0.003414 0.582426 -0.812708
18.075977 9.878973 0.094689 0.019366 -0.001811 0.612336 -0.790358
18.097210 9.068345 0.098555 0.023192 0.001111 0.662203 -0.748965
18.095699 8.263154 0.092338 0.019462 -0.003405 0.670562 -0.741591
18.043585 7.450827 0.081999 0.016984 -0.005340 0.674860 -0.737731
17.987715 6.649540 0.067360 0.013720 -0.004420 0.682851 -0.730416
17.922056 5.780504 0.065379 0.016050 -0.003781 0.688614 -0.724941
17.871934 4.932171 0.046547 0.016629 -0.001939 0.677930 -0.734935
17.802321 4.105074 0.048654 0.015837 -0.004706 0.735574 -0.677243
17.605749 3.284689 0.040543 0.015483 -0.004993 0.755779 -0.654625
17.431208 2.497256 0.043439 0.017450 0.002942 0.674744 -0.737839
17.414452 1.663974 0.033777 0.013848 0.001399 0.666661 -0.745231
17.352224 0.841968 0.034485 0.013547 0.000455 0.681685 -0.731520
17.314792 0.030645 0.030808 0.016328 0.000151 0.678484 -0.734433
17.284880 -0.839898 0.032402 0.014098 -0.003268 0.679115 -0.733889
17.222997 -1.694521 0.019794 0.014384 -0.002207 0.679633 -0.733408
17.190904 -2.522158 0.013468 0.015054 -0.001107 0.678110 -0.734806
17.150378 -3.371534 0.015660 0.015258 -0.000285 0.674696 -0.737938
17.106493 -4.231092 0.016737 0.017477 -0.000173 0.685840 -0.727542
17.058631 -5.057161 0.010183 0.018052 -0.001072 0.680834 -0.732214
16.950274 -5.885115 0.003820 0.016416 -0.005219 0.732028 -0.681056
16.781973 -6.674087 0.001898 0.016908 -0.002739 0.757437 -0.652683
16.569848 -7.458788 -0.002576 0.016061 -0.002376 0.746781 -0.664872
16.347717 -8.242676 0.001816 0.014104 -0.003790 0.757837 -0.652280
16.120800 -9.051767 -0.021028 0.009374 -0.006838 0.746109 -0.665722
15.917127 -9.875600 -0.040288 0.010098 -0.007580 0.748441 -0.663082
15.350598 -10.483583 -0.027394 0.010250 -0.022386 0.995823 -0.087920
14.502163 -10.490320 -0.029249 0.009464 -0.023579 0.997846 -0.060478
13.699338 -10.475966 -0.027926 0.012844 -0.023283 0.998105 -0.055483
12.888697 -10.433197 -0.027492 0.009750 -0.024146 0.998928 -0.038273
12.025340 -10.385401 -0.029968 0.008770 -0.024292 0.998790 -0.041846
11.211501 -10.360124 -0.037538 0.008402 -0.021455 0.998753 -0.044280
10.356320 -10.315292 -0.043834 0.009202 -0.021545 0.999490 -0.021722
9.438267 -10.249768 -0.044208 0.010448 -0.023898 0.999037 -0.035275
8.554576 -10.190416 -0.039031 0.011454 -0.024415 0.999534 -0.014268
7.679027 -10.131682 -0.046056 0.011368 -0.023571 0.999008 -0.036018
6.820017 -10.265807 -0.050700 0.008646 -0.019376 0.975632 -0.218383
6.060210 -10.535984 -0.066476 0.008372 -0.018335 0.972787 -0.230825
5.247060 -10.319411 -0.064622 0.006286 -0.026670 0.935220 0.353006
4.970057 -9.554227 -0.046636 0.001515 -0.029099 0.834237 0.550635
4.855191 -8.679328 -0.038059 0.001881 -0.028725 0.775485 0.630710
4.786659 -7.805455 -0.019136 0.005420 -0.028206 0.768495 0.639210
4.741337 -6.975338 -0.003694 0.008474 -0.025435 0.784933 0.619001
4.705851 -6.105931 -0.004906 0.003649 -0.021625 0.772453 0.634694
4.648943 -5.259180 -0.007822 0.003332 -0.012854 0.775740 0.630913
4.606206 -4.414565 -0.000596 0.004331 -0.018415 0.784112 0.620331
4.517036 -3.564223 -0.004078 0.001181 -0.018511 0.769203 0.638735
4.443699 -2.752755 -0.005593 -0.000511 -0.017093 0.781765 0.623339
4.390309 -1.946123 0.004993 -0.002816 -0.018286 0.788249 0.615079
