1 200.0173878600973 -169.8306080418776 1.8086830479191414
2 73.1509642683972 -13.816768684000621 3.087712236843438
3 114.3761582660606 -17.983247363520054 2.999778273937541
4 94.05055228101455 -16.000107124310468 2.9760339798072732
5 190.755988049863 -199.31919473676538 6.325084999426087
6 162.14242713305416 -191.0989253374995 6.731147899919627
7 125.85700170120943 -181.40334952476098 6.173746153342491
8 17.500548249563668 -21.380996743479823 3.0265116144109974
9 3.808608109077107 1.4345095812669044 -0.015195005104671998
10 18.251431247809606 0.0472892155042399 0.0037432027246195572
11 31.077276085374173 -9.46927311709231 3.1286187759326523
12 26.947448088715703 3.2438698981393017 0.14329005973427783
13 36.98034382075959 2.2214159371561983 0.13636493242752173
14 53.62365234180817 -11.768751190526892 3.0768238404244017
15 47.97220480675042 1.1655341346664678 0.0693345030562896
16 57.424837114083 0.137535510356943 0.10244149460353807
17 69.01304696729015 -1.0674569580260211 0.07845259379696515
18 80.36334647475738 -2.262104355712165 0.03849223634330528
19 87.79153924690547 -3.0109375468168458 -0.015209107262193102
20 98.30421392317511 -4.172200908804014 0.0005410852888456306
21 108.37371284263048 -5.122622724852016 -0.048770938082084
22 152.48618702475943 -25.888937580522324 2.891812935783925
23 151.9540956104931 -32.39212454270135 2.709354899062033
24 160.8792265404514 -33.25916984997552 2.8028233167119203
25 161.4976158282481 -26.852636386908742 2.869496835244416
26 169.81504465289942 -34.18855228425504 2.779008049564177
27 170.50774018063314 -27.798137901399684 2.9490724260051326
28 188.435293541153 -29.659908831774782 2.9013334462825595
29 187.8092637914863 -36.017456042878415 2.8647722296363405
30 197.3489429273737 -30.583056082294576 2.924588204409318
31 196.65648299252163 -36.940558649482576 2.778580269362824
32 206.42498073032723 -31.472206232810073 2.856955144472665
33 205.6856223309045 -37.88507221969361 2.7216156237798
34 248.9716624727732 -35.65774410272948 -0.3729713736925829
35 258.01506007836764 -43.05588924075533 -0.4189654559510289
36 265.10215023541247 -56.87063587771345 2.525725493386744
37 270.5042254457838 -44.378077166966094 -0.4898686299501293
38 276.6040063971616 -45.02913113441133 -0.5232598340172854
39 253.2243995666504 -56.48214912414551 -0.17675801242391267
40 231.20984046784952 -59.864984469135365 2.994203510407504
41 208.6103405386261 -58.20319638830491 2.944368509498441
42 208.93674266249775 -60.24978978237895 0.02535923152071195
43 194.2038387971003 -72.5816863560632 2.1587875506238103
44 181.243491567539 -91.61455139056258 1.764514975830064
45 188.62874363744123 -97.08457283914136 1.541763518364809
46 175.4573311151892 -106.75582259397615 1.8989392507098197
47 197.74558480651518 -96.23137756686147 -0.08598583138200282
48 200.209562136181 -107.06958371844914 2.1897551664012567
49 185.69778704539738 -117.85021125015399 1.617849175510698
50 174.3466148485648 -124.41605939785767 1.7074139272943578
51 193.7545781669736 -129.17848881814996 -0.37342124368116003
52 198.81940035599376 -122.34240173150222 2.1229791787893197
53 184.49310518982125 -132.0383753910163 1.517221438820485
54 168.99246915828724 -143.42334382152393 1.1594258142645608
55 173.38304229256212 -161.410201227766 1.4086197466074164
56 184.3844103433065 -152.7707685221339 1.647123906842112
57 190.75518300206338 -176.09408159790468 1.6176312391160255
58 192.23392001440064 -161.01260100154477 -0.26838634656300914
59 198.5873127241761 -184.90766589159955 1.5960539431379146
60 118.01199364895223 -160.5302005723258 2.008293918842578
61 129.1333535253474 -149.85009834963725 2.414464852110542
62 136.3725329205721 -132.0082024709164 2.7285673278879163
63 133.00213940228076 -113.80328423785222 2.709880158800531
64 142.54573260253906 -113.33541029671343 2.6823325034663554
65 146.60253543567865 -92.94550495184042 2.7316932399805594
66 141.52873703819532 -95.70946234748249 0.25220417660667027
67 143.09858924336004 -53.30776342778365 2.977976751076543
68 109.46871166377137 -31.74897712563734 -0.17909018199234686
69 111.06904122555048 -37.091029715929665 0.24228617027465107
70 100.72893519292805 -30.854438882892424 -0.18826063821706915
71 76.45259269990576 -28.269233111054362 -0.1402499322482246
72 69.75850034851166 -27.578724047597216 -0.11307031568634868
73 60.93925529346659 -26.575750493220173 -0.11355078743314659
74 52.63169000843457 -25.75621436731709 -0.13389753236468172
75 44.490201576397155 -24.923091217368896 -0.06307305819643726
76 34.92320802891949 -23.900076425717177 -0.07480082616933172
77 27.94946385909368 -23.19980232349864 -0.09081024235578225
78 16.610670535806328 -15.552908833238627 -0.12534717710232496
79 0.19986657635618432 -19.636739826716138 3.0371614228362422
80 2.27014020412223 -14.109598480891744 -0.18406704381482547
81 3.023125597424834 -7.104190332423723 -0.07343005268013236
82 -15.53525848202739 -4.644286536911018 3.0845934470596896
83 -5.087831431144431 6.990832328243008 0.07684218799229221
84 -14.518082369153746 7.985836508118104 0.07041024795986894
85 4.497793291105869 8.365394769048622 -0.0007222299301500957
86 -0.039868195001974936 14.739339517862353 0.03707064733553497
87 8.11750622179147 13.859258446894561 0.11775367045985899
88 16.304648281769573 13.003374639969865 0.14730937157382895
89 18.92916115552091 7.04354553968575 0.02475577664542409
90 24.448870871595137 12.096754451092318 0.09250538517921535
91 17.360601759338206 -8.52203765798153 -0.02075360539904925
