1 202.48882066356347 -143.42303606096866 -0.05166365125945439
2 58.18582821419904 -20.169761491427522 -1.4411512739383336
3 120.28405182145899 11.495944883625032 -1.4938720125606417
4 185.3316795763639 -98.86126509439796 -2.1742757914473643
5 180.19342158275256 -144.6258755108885 -0.40444709825654235
6 141.12377164707917 -36.33368781014684 -1.552918827233499
7 -88.53077486603529 -2.584325662718384 7.337246657882972
8 -92.5348226428429 9.904818286283867 7.120302625169543
9 -113.43790292690204 -15.098935701028111 7.29683352321395
10 -121.18716820182246 -4.074314689853264 7.226541541493624
11 10.028654497110567 19.226427950138902 8.316549231777044
12 12.414490918041016 6.083094283012753 8.201294436765693
13 35.600897900716376 28.304065487138356 8.0025753277933
14 41.74610683535241 16.120033203146924 7.808749703585441
15 67.61479966043282 32.183142164310986 7.639241452514462
16 67.93407170658615 53.27095890239737 7.528438813843745
17 -56.53979084482202 3.4984786263245597 7.899150507933409
18 -56.77654695857982 16.79701849727109 7.6495598395397595
19 98.59425600178939 42.81830557071252 10.258506267945492
20 111.33085193774711 31.355442597583988 7.758953956650683
21 128.01716149054215 41.046507894852496 8.153230796927275
22 132.53542864039338 6.790043703520427 7.712120922375745
23 144.07190880933973 13.2829430961833 8.155989633146712
24 150.52221574191344 -18.77688571981376 7.710308176095627
25 161.2754782559618 -11.504047678810844 8.067846203783377
26 166.88719982698618 -41.777092351432714 7.44767241240205
27 184.0644364823633 -66.2127374106994 7.241968070077673
28 190.88519120452892 -79.22101964609043 6.816345993086117
29 229.6302378838051 -121.9669732107243 6.596604487146011
30 210.94577459069006 -100.93023642428855 6.322685144615121
31 177.40666124865444 -33.45185223609603 7.711411106240985
32 196.50457078859483 -54.9259551717388 7.547286398659748
33 12.307873615311669 -1.3800576559686017 -0.878436634492027
34 128.34709655634688 -1.1280946447032918 -1.5646573622344333
35 137.53524160309215 -38.16044527992587 -2.119870666735969
36 142.85017301892336 -54.27298425960584 -2.2521530951435422
37 134.20558953005863 -15.17518824030845 -1.5827687195591704
38 94.99643086968322 26.539683501657176 -1.514628885783111
39 74.90648268334417 19.161981767001816 -1.6281219019189113
40 17.66901304779315 -18.849703035271784 -2.0133862326520138
41 30.342515826923428 -27.07598062105829 -2.0219747574474503
42 36.36618837566244 -34.10588803334076 -1.848491503752183
43 52.73419617975508 -36.76217231351769 -1.6594796998016006
44 61.66273873901367 -23.23187742614746 -1.447965416908264
45 45.47611007886745 -28.57422676732945 -1.671473972433424
46 62.370368255172544 -5.433422729456334 -1.6400230745397468
47 67.8724723580606 8.01073804552497 -1.660093797882133
48 151.72948238169545 -68.08466431327399 -2.397659772608908
49 156.66090761352837 -73.10250755553461 -2.509041909845849
50 174.5269703084604 -88.87522289637722 -2.619446101558601
51 182.56187631988834 -101.07297060158545 -2.7147621205186674
52 188.80107850799592 -114.00954130809569 -2.793285369880147
53 191.05865633996288 -120.77332169496765 -2.7493844683301765
54 193.8620284021376 -127.8784476385811 -2.645628416036634
55 197.28266166013466 -133.32751156295612 -0.0683439356171623
56 197.02207206386504 -159.59115716570187 -0.05832413467287685
57 214.53333012864186 -121.5338016231283 -0.14436849743656735
