0.006550 0.007221 0.006385 0.007256 -0.009763 0.001922 0.999924
0.843080 -0.117360 0.021171 0.006188 -0.004612 -0.015010 0.999858
1.637484 -0.348845 0.005415 0.005793 -0.003727 -0.086445 0.996233
2.403440 -0.659626 0.006307 0.006635 -0.003882 -0.150214 0.988624
3.151267 -1.004860 0.001134 0.005371 -0.004930 -0.138716 0.990305
3.899715 -1.355343 -0.008233 0.006908 -0.007725 -0.134337 0.990882
4.671264 -1.703394 -0.007828 0.005279 -0.006297 -0.134686 0.990854
5.438265 -2.044891 -0.003868 0.008397 -0.003387 -0.138127 0.990373
6.203269 -2.325884 -0.021044 0.007188 -0.006595 0.015715 0.999829
7.014120 -2.417176 -0.026089 0.006815 -0.003865 0.032888 0.999428
7.822453 -2.486863 -0.036539 0.006305 -0.000009 0.026396 0.999632
8.678769 -2.537871 -0.034281 0.006059 -0.009869 0.058359 0.998228
9.512155 -2.529178 -0.030759 0.003639 -0.008456 0.097100 0.995232
10.333441 -2.444299 -0.015294 0.002749 -0.004668 0.142605 0.989765
11.150464 -2.322844 -0.035706 0.003959 -0.000888 0.142777 0.989747
11.967587 -2.194633 -0.038609 0.007985 -0.000138 0.193743 0.981020
12.725330 -1.915688 -0.040222 0.002751 -0.006233 0.269625 0.962941
13.461703 -1.540424 -0.034420 0.006423 -0.007087 0.345691 0.938300
14.112176 -1.052482 -0.018972 0.006485 -0.014207 0.420140 0.907325
14.737834 -0.508851 0.005005 0.005861 -0.014365 0.410861 0.911566
15.384252 -0.032560 0.002171 0.005399 -0.008620 0.359322 0.933158
16.118523 0.381358 0.007961 0.002531 -0.013220 0.304354 0.952464
16.839102 0.735428 0.025127 -0.000391 -0.011185 0.291664 0.956455
17.585324 1.067879 0.028411 0.004068 -0.003441 0.258316 0.966046
18.361811 1.343914 0.014943 -0.000774 -0.004245 0.225621 0.974206
19.166482 1.594137 0.018672 0.000863 -0.004777 0.220747 0.975319
19.979805 1.837088 0.015370 -0.000608 -0.002286 0.219833 0.975535
20.800242 1.936145 0.013737 -0.002297 -0.003875 -0.052196 0.998627
21.654173 1.976012 0.008832 -0.001474 -0.004022 0.138879 0.990300
22.503255 2.034501 0.016045 -0.001305 0.000274 0.071018 0.997474
23.315544 2.050632 0.012976 -0.001761 -0.003385 0.076575 0.997057
24.118532 2.079545 0.013210 -0.005651 -0.003493 0.081064 0.996687
24.921400 2.095179 0.006760 -0.002825 -0.001237 0.077420 0.996994
25.741783 2.092322 0.009949 -0.000586 -0.003305 0.095896 0.995386
26.549844 2.187712 -0.002135 -0.003573 -0.000282 0.136316 0.990659
27.386504 2.328467 -0.019001 0.000935 0.001264 0.172246 0.985053
28.199394 2.498160 -0.028455 -0.001847 -0.003504 0.168560 0.985683
29.032125 2.665451 -0.025191 -0.001111 -0.006561 0.162864 0.986626
29.866679 2.793132 -0.031939 -0.000907 -0.004374 0.159456 0.987195
30.679114 2.990522 -0.032201 0.002275 -0.003344 0.218042 0.975931
31.501786 3.261467 -0.031736 0.005966 -0.002720 0.223952 0.974578
32.274287 3.508234 -0.035776 0.004088 -0.006356 0.211336 0.977384
33.080469 3.714745 -0.029411 0.002603 -0.007276 0.200934 0.979574
33.913121 3.948904 -0.027958 0.006261 -0.002214 0.206888 0.978342
34.739634 4.178360 -0.022950 0.004822 -0.006963 0.202212 0.979305
35.591525 4.414589 -0.022365 0.003292 -0.007267 0.205106 0.978707
36.375860 4.638663 -0.020301 0.003412 -0.008541 0.210558 0.977538
37.205526 4.861498 -0.012541 0.003288 -0.007428 0.211404 0.977365
38.011962 5.133295 -0.007704 0.001015 -0.008245 0.236395 0.971622
38.817354 5.431706 -0.015210 0.001148 -0.000555 0.252471 0.967604
39.610480 5.716998 -0.017423 0.002338 -0.004018 0.247101 0.968979
40.397399 6.013813 -0.013283 0.001969 -0.005966 0.241324 0.970424
41.204152 6.354383 0.013938 0.003119 -0.017667 0.264019 0.964351
41.996202 6.651688 0.007223 0.013982 -0.010201 0.274496 0.961432
42.801505 7.001025 -0.005194 0.004721 0.004997 0.260173 0.965538
43.640325 7.226260 -0.010336 0.002947 -0.002186 0.152235 0.988337
44.436329 7.376622 -0.008744 0.004011 -0.006069 0.166757 0.985971
45.224097 7.520777 0.000701 0.005382 -0.006417 0.170838 0.985263
46.058434 7.688816 0.002133 0.004999 -0.005615 0.169364 0.985525
46.922442 7.865382 0.009398 0.000762 -0.006756 0.174449 0.984643
47.768675 7.994737 0.019072 0.007221 -0.006618 0.124576 0.992162
48.567932 8.081378 0.016281 0.003660 -0.005408 0.130071 0.991483
49.397774 8.176681 0.029418 0.004213 -0.008413 0.126721 0.991894
50.200385 8.262209 0.031327 0.002940 -0.005252 0.119386 0.992830
51.065000 8.308215 0.034009 0.005910 -0.003888 0.076557 0.997040
51.892332 8.276435 0.034350 0.003680 -0.006734 0.037963 0.999250
52.726159 8.232294 0.040258 0.004405 -0.008804 0.043733 0.998995
53.613220 8.171783 0.044375 0.001972 -0.006308 0.040639 0.999152
54.478632 8.119129 0.059379 0.005415 -0.010329 0.051679 0.998596
55.364282 8.136983 0.069420 0.006293 -0.008874 0.098723 0.995055
56.219973 8.153406 0.084064 0.004624 -0.009903 0.093682 0.995542
57.036276 8.201063 0.084876 0.002552 -0.007832 0.096145 0.995333
57.922232 8.270035 0.098221 0.002121 -0.010836 0.081911 0.996578
58.722835 8.204502 0.106691 0.003452 -0.008522 0.064377 0.997883
59.560454 8.194809 0.105318 0.006954 -0.008986 0.064731 0.997838
60.369231 8.193307 0.115813 0.004390 -0.006218 0.061141 0.998100
61.207980 8.162636 0.132300 0.006068 -0.008421 0.065103 0.997825
62.080222 8.165531 0.132408 0.004909 -0.011988 0.062844 0.997939
62.916983 8.155955 0.153583 0.006499 -0.013262 0.062595 0.997930
63.764447 8.151754 0.161315 0.002355 -0.016106 0.064310 0.997797
64.591129 8.133238 0.196003 0.007029 -0.009999 0.065999 0.997745
65.445544 8.129476 0.191213 0.007633 -0.011157 0.061979 0.997986
66.284015 8.078718 0.193506 0.004817 -0.009024 0.032921 0.999406
67.156250 8.014985 0.217498 -0.000631 -0.013308 0.034890 0.999302
68.019629 7.958148 0.224170 0.006085 -0.009925 0.038128 0.999205
68.862977 7.887045 0.236065 0.007091 -0.009924 0.036319 0.999266
69.696307 7.840594 0.245662 0.005728 -0.014537 0.040745 0.999047
70.539283 7.790301 0.265729 0.006414 -0.010968 0.042302 0.999024
71.373011 7.720716 0.267103 0.004087 -0.011888 0.040748 0.999090
72.196596 7.689179 0.283102 0.007433 -0.014854 0.040990 0.999021
73.031165 7.622343 0.300956 0.007854 -0.014825 0.041022 0.999017
73.886476 7.566812 0.323811 0.012223 -0.012180 0.030450 0.999387
74.729566 7.467302 0.324898 0.014001 -0.008691 0.011020 0.999803
75.582735 7.381706 0.331730 0.011224 -0.010516 0.018148 0.999717
76.394931 7.249279 0.346966 0.006581 -0.019252 0.014456 0.999688
77.205241 7.183478 0.361815 0.008899 -0.013794 0.034426 0.999272
78.021998 7.137095 0.367646 0.005461 -0.014667 0.034108 0.999296
78.844666 7.070175 0.395320 0.006390 -0.016207 0.038494 0.999107
79.695260 7.001309 0.417100 0.011301 -0.014292 0.037674 0.999124
80.497515 6.945268 0.424994 0.011805 -0.014383 0.040861 0.998992
81.303016 6.887295 0.436260 0.015780 -0.008814 0.042330 0.998940
82.119811 6.862440 0.437403 0.007324 -0.013495 0.045804 0.998832
82.994294 6.807672 0.451255 0.011098 -0.012212 0.052737 0.998472
83.817210 6.772158 0.455011 0.014279 -0.011347 0.052666 0.998446
84.694250 6.743755 0.477001 0.019588 -0.013178 0.053640 0.998281
85.528333 6.707055 0.497086 0.009801 -0.017350 0.059544 0.998027
86.399192 6.678483 0.503825 0.013035 -0.015368 0.057713 0.998130
87.225318 6.661045 0.519097 0.013242 -0.013214 0.060523 0.997991
88.062974 6.590325 0.525629 0.015271 -0.014113 0.009165 0.999742
88.911179 6.430459 0.539260 0.016293 -0.012552 -0.011943 0.999717
89.759386 6.294204 0.554192 0.015848 -0.013218 -0.018402 0.999618
90.568060 6.107121 0.562858 0.015746 -0.014913 -0.043435 0.998821
91.364628 5.893269 0.561252 0.017137 -0.013157 -0.042319 0.998871
92.190635 6.127991 0.588921 0.013597 -0.020214 0.328534 0.944178
92.932282 6.580048 0.618066 0.009336 -0.018838 0.327392 0.944655
93.681972 6.968146 0.682549 0.034385 -0.050041 0.328625 0.942507
94.415957 7.387262 0.783487 0.027713 -0.051934 0.336283 0.939919
95.121674 7.796629 0.838127 0.008853 -0.008983 0.333341 0.942722
95.798932 8.222570 0.871508 0.005801 -0.014095 0.293414 0.955864
96.598553 8.429968 0.851313 0.004972 -0.009512 0.065082 0.997822
97.440986 8.266318 0.862114 0.005155 -0.007644 -0.098384 0.995106
98.161122 7.865580 0.849986 0.003709 -0.008344 -0.237388 0.971372
98.851446 7.368250 0.853749 0.003020 -0.006155 -0.243402 0.969901
99.527158 6.889766 0.843102 0.002996 -0.009061 -0.239379 0.970879
100.196612 6.385530 0.843875 0.001901 -0.008560 -0.242900 0.970012
100.882324 5.896335 0.841414 0.003936 -0.006511 -0.217476 0.976036
101.610419 5.433552 0.848071 0.002191 -0.008311 -0.220784 0.975285
102.310225 4.971637 0.855547 0.003290 -0.007619 -0.221087 0.975219
102.968373 4.483166 0.860411 0.002924 -0.008514 -0.247051 0.968961
103.624743 3.954160 0.850172 0.003579 -0.004653 -0.284122 0.958770
104.258572 3.373497 0.865029 0.004961 -0.005849 -0.276062 0.961109
104.929696 2.833134 0.847858 0.004704 -0.005205 -0.272599 0.962102
105.570930 2.279874 0.839213 0.003829 -0.006839 -0.317419 0.948253
106.113331 1.614743 0.848611 0.006143 -0.006877 -0.380211 0.924854
106.629304 0.952266 0.840405 0.005674 -0.004546 -0.379466 0.925177
107.143654 0.313329 0.836443 0.009319 -0.010368 -0.087270 0.996087
107.905623 0.015402 0.836577 0.009293 -0.005127 -0.107209 0.994180
108.703591 -0.275136 0.833105 0.005311 -0.005687 -0.102755 0.994676
109.488177 -0.571505 0.829143 0.006779 -0.006758 -0.108315 0.994071
110.300211 -0.882032 0.824744 0.007896 0.001624 -0.106783 0.994250
111.073979 -1.242712 0.826158 0.002627 -0.008876 -0.213973 0.976796
111.730624 -1.754119 0.826023 -0.000018 -0.003418 -0.294298 0.955708
112.352315 -2.326559 0.816237 -0.000160 -0.005036 -0.295078 0.955460
112.982724 -2.911884 0.813605 0.000530 -0.004295 -0.295644 0.955288
113.641060 -3.495468 0.807027 -0.000476 -0.002914 -0.296520 0.955022
114.223428 -4.053425 0.804885 0.001584 -0.000065 -0.296083 0.955161
114.859378 -4.640317 0.792795 0.000595 -0.000796 -0.301683 0.953408
115.477025 -5.219228 0.779262 -0.002527 -0.003945 -0.306168 0.951966
116.072268 -5.776665 0.784363 0.001057 -0.006702 -0.294398 0.955659
116.685843 -6.312892 0.785424 0.001053 -0.000110 -0.258422 0.966032
117.347004 -6.767625 0.783867 0.001044 -0.003943 -0.221464 0.975160
118.042089 -7.234451 0.775810 0.003231 0.000468 -0.228669 0.973499
118.689418 -7.706239 0.759495 0.002487 -0.001300 -0.233349 0.972389
119.357555 -8.170327 0.755608 0.000351 -0.003672 -0.231845 0.972746
120.070133 -8.655425 0.747220 -0.000290 -0.003896 -0.232727 0.972534
120.765439 -9.161448 0.753036 -0.001238 -0.004431 -0.233553 0.972333
121.450633 -9.608694 0.749381 -0.001659 -0.001749 -0.238662 0.971100
122.140742 -10.126842 0.746357 0.000836 -0.001576 -0.241458 0.970410
122.847613 -10.633454 0.736755 -0.000495 -0.003524 -0.239521 0.970885
123.495054 -11.109753 0.736420 0.001999 -0.003476 -0.240309 0.970688
124.194216 -11.611029 0.727785 0.002182 -0.004320 -0.225174 0.974307
124.892139 -12.102436 0.732523 0.003031 -0.001217 -0.234466 0.972119
125.556200 -12.568984 0.725181 0.000889 -0.007103 -0.241425 0.970393
126.237832 -13.087729 0.730734 0.002828 -0.005250 -0.258938 0.965876
126.902175 -13.625971 0.724474 0.004763 -0.005120 -0.277312 0.960754
127.542593 -14.189965 0.711878 0.008138 -0.002294 -0.298915 0.954242
128.135190 -14.748157 0.712240 0.006224 -0.003032 -0.292490 0.956244
128.734274 -15.286528 0.713901 0.005482 -0.006078 -0.294152 0.955724
129.326915 -15.856706 0.700462 0.006482 -0.003253 -0.315019 0.949058
129.924202 -16.482285 0.689313 0.002080 -0.006925 -0.345178 0.938509
130.448014 -17.137912 0.687093 0.004437 -0.003108 -0.378619 0.925537
130.946709 -17.781063 0.682558 0.008060 -0.001215 -0.376479 0.926389
131.476645 -18.472067 0.674320 0.006548 -0.000839 -0.366696 0.930317
132.000428 -19.104883 0.660262 0.008996 -0.001856 -0.335947 0.941836
132.708951 -19.541288 0.666267 0.005279 -0.009063 -0.108251 0.994068
133.471800 -19.815943 0.678856 0.006511 -0.011563 -0.110850 0.993749
134.057708 -20.368319 0.680912 0.006294 -0.007813 -0.407168 0.913298
134.504507 -21.040771 0.674838 0.004547 -0.009105 -0.406752 0.913482
134.951068 -21.724877 0.679091 0.004253 -0.007273 -0.404793 0.914370
135.409284 -22.397999 0.666329 0.002407 -0.005488 -0.406347 0.913699
135.874975 -23.108231 0.665310 0.006416 -0.003429 -0.407311 0.913260
136.352144 -23.834666 0.664100 0.006724 -0.005764 -0.407260 0.913269
136.840257 -24.526881 0.653143 0.006431 -0.004659 -0.406364 0.913677
137.283923 -25.234196 0.647033 0.004385 -0.003448 -0.433798 0.900993
137.705818 -25.958252 0.637538 0.007156 -0.000664 -0.432317 0.901693
138.148565 -26.695627 0.616393 0.006071 -0.000373 -0.433462 0.901151
138.554149 -27.414845 0.610167 0.005098 -0.001514 -0.435929 0.899965
138.948458 -28.133303 0.593594 0.006837 -0.002065 -0.457072 0.889401
139.323555 -28.868345 0.592410 0.005203 -0.002160 -0.462188 0.886764
139.711599 -29.615208 0.576249 0.005981 -0.000034 -0.461913 0.886905
140.087789 -30.387087 0.565262 0.007650 -0.001904 -0.464481 0.885548
140.465506 -31.137893 0.549652 0.004286 -0.000542 -0.460075 0.887870
140.831058 -31.878875 0.550746 0.003265 -0.005989 -0.457363 0.889254
141.221164 -32.602478 0.534980 0.008356 -0.001481 -0.469381 0.882955
141.547186 -33.371580 0.525067 0.007454 -0.001193 -0.491749 0.870704
141.866340 -34.121700 0.516921 0.003989 -0.001774 -0.508602 0.860991
142.156722 -34.936665 0.506160 0.004941 -0.001141 -0.518390 0.855129
142.422829 -35.705544 0.493097 0.004781 -0.003121 -0.520521 0.853830
142.691076 -36.486214 0.485006 0.006840 -0.001896 -0.516955 0.855983
142.958137 -37.296507 0.472792 0.010007 -0.002190 -0.517450 0.855652
143.248080 -38.061732 0.458595 0.008446 -0.001959 -0.518445 0.855067
143.525641 -38.849645 0.440791 0.004385 -0.001626 -0.503774 0.863823
143.841306 -39.602538 0.424641 -0.003999 0.002794 -0.509754 0.860307
144.110499 -40.373712 0.422938 -0.002133 0.001668 -0.521799 0.853064
144.375319 -41.135295 0.415955 -0.002098 -0.001919 -0.519391 0.854532
144.639340 -41.907992 0.405098 -0.001833 -0.002412 -0.512175 0.858876
144.951037 -42.729615 0.397775 -0.001852 -0.001491 -0.515353 0.856974
145.218647 -43.519084 0.399914 -0.000856 -0.000829 -0.518878 0.854847
145.485449 -44.278888 0.395657 0.000775 -0.001632 -0.521561 0.853212
145.747287 -45.048229 0.379977 0.001426 -0.003580 -0.520896 0.853612
145.959501 -45.833652 0.370321 0.002011 -0.003501 -0.578864 0.815414
146.130897 -46.631210 0.361169 0.003267 -0.002462 -0.584012 0.811735
146.277320 -47.472084 0.347761 0.001529 -0.002295 -0.581448 0.813579
146.425190 -48.288776 0.343917 0.000632 -0.002999 -0.582166 0.813064
146.577847 -49.074387 0.340619 -0.001501 -0.002975 -0.582442 0.812865
146.727696 -49.906660 0.331666 -0.000667 -0.001608 -0.584455 0.811424
146.867689 -50.698493 0.324646 -0.001023 -0.001225 -0.583804 0.811893
147.002044 -51.510013 0.324416 -0.006462 -0.003325 -0.591464 0.806299
147.247495 -52.321023 0.322738 -0.005194 -0.003133 -0.518775 0.854889
147.519688 -53.123531 0.319105 -0.001762 -0.003895 -0.521614 0.853171
147.793830 -53.930207 0.322262 0.002257 -0.005014 -0.534834 0.844940
147.991045 -54.764838 0.311927 0.003547 -0.005214 -0.564912 0.825127
148.188180 -55.543517 0.304574 0.001418 -0.003848 -0.561665 0.827355
148.378267 -56.326750 0.296258 0.001380 -0.001747 -0.563183 0.826329
148.533781 -57.143385 0.287838 0.002199 -0.001270 -0.608535 0.793523
148.562287 -57.999055 0.282461 -0.001232 -0.000023 -0.681118 0.732173
148.415019 -58.839387 0.275113 -0.000481 -0.000508 -0.748352 0.663301
148.202442 -59.647015 0.264947 -0.000822 -0.001221 -0.737217 0.675654
148.009618 -60.497040 0.258254 0.002041 -0.003132 -0.733631 0.679538
147.839843 -61.288351 0.251251 0.002395 -0.001806 -0.730780 0.682607
147.669260 -62.089645 0.234785 0.001024 0.002223 -0.731349 0.681999
147.476928 -62.876248 0.218973 0.002149 0.002452 -0.739666 0.672966
147.281991 -63.663978 0.213524 -0.001141 0.001232 -0.737945 0.674859
147.109062 -64.492862 0.201584 0.002390 -0.001510 -0.733843 0.679313
146.935268 -65.296782 0.190216 0.002155 -0.000719 -0.730427 0.682987
146.760018 -66.120695 0.183867 0.001446 -0.001081 -0.732201 0.681086
146.570587 -66.935593 0.160015 0.003767 0.002444 -0.735381 0.677638
146.388588 -67.726469 0.147035 0.002073 0.001070 -0.735542 0.677476
146.675107 -68.478522 0.138606 0.004354 -0.007196 -0.315462 0.948901
147.133938 -67.774899 0.148697 0.001858 -0.016149 0.667603 0.744340
147.283749 -66.949480 0.166856 0.001800 -0.016073 0.721890 0.691819
147.351115 -66.083664 0.181068 0.001510 -0.014990 0.717881 0.696003
147.487142 -65.200617 0.192765 0.003379 -0.016485 0.714912 0.699012
147.579571 -64.375694 0.209443 0.001945 -0.013476 0.718125 0.695781
147.660269 -63.542109 0.213527 0.000868 -0.011760 0.718390 0.695541
147.761057 -62.657673 0.230713 0.003744 -0.014143 0.718096 0.695790
147.871096 -61.806769 0.233119 0.001577 -0.014215 0.719121 0.694737
147.947904 -60.956109 0.254546 0.000172 -0.014881 0.718086 0.695795
148.048720 -60.134277 0.268618 -0.001639 -0.014852 0.715487 0.698466
148.183846 -59.275286 0.270593 -0.000561 -0.010963 0.714250 0.699805
148.293607 -58.451577 0.282737 0.003278 -0.011566 0.714336 0.699700
148.367421 -57.614927 0.292475 0.001430 -0.010208 0.715700 0.698331
148.484464 -56.734213 0.298682 0.002659 -0.008673 0.715842 0.698204
148.572543 -55.916075 0.315805 0.002572 -0.017273 0.715759 0.698129
148.687884 -55.093315 0.324720 0.001919 -0.013046 0.715894 0.698085
148.776348 -54.212460 0.328084 -0.000402 -0.014911 0.715889 0.698054
148.875718 -53.344271 0.330408 -0.001101 -0.007840 0.718510 0.695472
148.990970 -52.509995 0.343204 -0.000140 -0.006781 0.722423 0.691418
149.029925 -51.691685 0.332417 -0.001101 -0.009082 0.725902 0.687738
149.113578 -50.883848 0.340886 0.001753 -0.012889 0.723247 0.690467
149.192570 -50.072434 0.347217 -0.001058 -0.012363 0.726795 0.686742
149.185183 -49.233605 0.359871 -0.000259 -0.011974 0.761912 0.647569
149.253714 -48.393795 0.366698 0.002284 -0.012681 0.686208 0.727292
149.444795 -47.592584 0.377697 0.001040 -0.010412 0.680119 0.733027
149.642814 -46.789718 0.384678 0.002694 -0.013183 0.640065 0.768203
150.060167 -46.098557 0.394985 -0.000264 -0.005642 -0.053514 0.998551
150.699923 -46.633975 0.384185 -0.003455 -0.001038 -0.442204 0.896907
151.127112 -47.383494 0.383195 -0.002616 -0.003340 -0.446002 0.895022
151.508734 -48.096198 0.377512 0.000914 -0.005616 -0.447174 0.894429
151.920012 -48.836046 0.377405 -0.001159 -0.003765 -0.449508 0.893268
152.300440 -49.541664 0.372440 -0.002051 -0.005312 -0.452625 0.891683
152.686584 -50.287691 0.371707 -0.000716 -0.004169 -0.458212 0.888833
153.069524 -51.050205 0.370616 0.000729 -0.003567 -0.472507 0.881319
153.428102 -51.829122 0.361992 -0.000197 -0.004266 -0.472178 0.881493
153.781936 -52.551551 0.366463 -0.000538 -0.008864 -0.471779 0.881672
154.161937 -53.319200 0.370147 -0.002911 -0.007199 -0.466145 0.884674
154.507589 -54.063776 0.369751 0.000861 -0.005933 -0.464023 0.885803
154.883661 -54.803081 0.371035 -0.000137 -0.005601 -0.466467 0.884521
155.247342 -55.550895 0.377227 -0.001284 -0.006146 -0.466310 0.884599
155.629002 -56.314322 0.374458 0.001605 -0.008738 -0.461584 0.887052
156.011673 -57.059548 0.381417 0.004543 -0.007791 -0.448737 0.893618
156.407355 -57.794479 0.382147 0.003244 -0.011508 -0.426330 0.904489
156.831177 -58.497627 0.382275 0.004436 -0.007825 -0.429377 0.903080
157.289292 -59.240440 0.386502 0.004141 -0.011715 -0.422442 0.906305
157.722436 -59.966400 0.383960 0.005912 -0.009040 -0.427989 0.903719
158.149987 -60.685378 0.382053 0.003595 -0.010898 -0.425329 0.904966
158.607549 -61.431508 0.394900 0.003976 -0.009653 -0.425191 0.905043
159.052332 -62.174914 0.393038 0.007718 -0.007748 -0.425143 0.905060
159.520136 -62.911648 0.397592 0.002268 -0.009332 -0.422367 0.906374
159.947702 -63.603039 0.389025 0.004968 -0.010815 -0.420621 0.907158
160.371453 -64.332923 0.397199 0.006903 -0.007520 -0.419572 0.907665
160.825852 -65.022337 0.390933 0.006785 -0.007437 -0.417516 0.908614
161.270392 -65.745086 0.395660 0.005705 -0.008549 -0.414705 0.909898
161.726760 -66.455253 0.387004 0.005403 -0.007079 -0.417338 0.908708
162.180487 -67.156129 0.388347 0.004371 -0.005938 -0.419797 0.907588
162.605535 -67.854763 0.387869 0.003657 -0.008340 -0.418824 0.908022
163.047631 -68.598189 0.386747 0.002845 -0.009103 -0.416535 0.909069
163.532180 -69.300864 0.383835 0.001032 -0.007373 -0.394850 0.918716
164.033200 -69.954104 0.389138 0.002927 -0.006638 -0.374044 0.927383
164.540227 -70.598939 0.394770 0.003754 -0.006610 -0.375156 0.926931
165.047560 -71.293121 0.396750 0.003727 -0.004901 -0.365139 0.930933
165.597420 -71.939888 0.392465 0.006017 -0.005222 -0.364819 0.931044
166.114211 -72.588912 0.390142 0.006831 -0.005796 -0.363399 0.931591
166.656162 -73.258453 0.385615 0.007230 -0.006903 -0.365263 0.930851
167.207919 -73.926920 0.385180 0.007815 -0.006559 -0.344967 0.938559
167.765661 -74.532507 0.385394 0.005761 -0.011156 -0.329471 0.944082
168.349748 -75.139279 0.396535 0.004527 -0.011483 -0.332137 0.943151
168.908839 -75.772020 0.398497 0.006378 -0.013034 -0.345010 0.938487
169.478525 -76.430619 0.405723 0.006048 -0.014719 -0.343858 0.938887
170.054992 -77.085797 0.408549 0.005955 -0.009499 -0.344027 0.938893
170.581466 -77.714970 0.416863 0.003405 -0.012757 -0.343194 0.939172
171.135193 -78.305074 0.418814 0.005353 -0.006355 -0.338088 0.941078
171.677677 -78.917093 0.413247 0.002939 -0.010308 -0.338967 0.940737
172.223375 -79.550644 0.420303 0.003553 -0.010727 -0.340570 0.940151
172.769038 -80.169235 0.426195 0.004307 -0.010744 -0.339528 0.940525
173.376137 -80.821028 0.424656 0.005248 -0.008434 -0.335839 0.941867
173.909485 -81.420160 0.429534 0.005374 -0.010617 -0.333629 0.942629
174.502899 -82.071431 0.426686 0.008266 -0.007032 -0.343055 0.939252
175.047056 -82.670217 0.425358 0.006039 -0.007572 -0.356615 0.934201
175.569475 -83.334338 0.425472 0.006074 -0.007898 -0.369252 0.929276
176.083644 -83.984328 0.421005 0.007118 -0.005932 -0.365215 0.930877
176.599536 -84.612819 0.419278 0.006478 -0.007406 -0.365835 0.930628
177.132110 -85.257923 0.412563 0.004906 -0.008075 -0.328814 0.944347
177.715856 -85.829664 0.418457 0.005555 -0.012884 -0.309833 0.950687
178.314555 -86.410554 0.431735 0.003051 -0.011190 -0.334957 0.942162
178.845652 -87.043914 0.423172 0.003990 -0.008813 -0.356936 0.934079
179.382165 -87.670126 0.416574 0.005963 -0.008697 -0.350019 0.936683
179.913641 -88.277547 0.419936 0.005114 -0.007846 -0.335473 0.942003
180.492398 -88.881843 0.429744 0.002086 -0.010055 -0.317231 0.948293
181.079893 -89.469342 0.421487 0.002192 -0.013646 -0.317403 0.948190
181.661470 -90.065966 0.435075 0.000223 -0.012872 -0.324845 0.945680
182.259196 -90.700299 0.423598 0.007879 -0.006656 -0.325649 0.945435
182.847627 -91.293453 0.424631 0.005024 -0.007326 -0.318226 0.947973
183.425303 -91.888721 0.434023 0.008601 -0.004696 -0.317068 0.948352
184.061406 -92.480233 0.422263 0.001598 -0.011899 -0.244013 0.969698
184.751830 -92.932938 0.420439 0.007036 -0.004834 -0.229913 0.973174
185.419907 -93.409188 0.427757 0.004494 -0.006202 -0.231122 0.972895
186.122038 -93.887418 0.429931 0.004513 -0.007542 -0.226605 0.973947
186.937123 -93.891379 0.430019 0.008092 -0.009961 0.201610 0.979382
187.741562 -93.684093 0.448600 0.004106 -0.014157 0.192506 0.981185
188.541140 -93.549466 0.455801 0.004261 -0.013667 0.083628 0.996394
189.352539 -93.697585 0.485253 0.001540 -0.012395 -0.163543 0.986457
190.087209 -94.078352 0.494127 0.007280 -0.008947 -0.157412 0.987466
190.824885 -94.446419 0.488610 0.003638 -0.009615 -0.162384 0.986674
191.558247 -94.908625 0.481238 0.007274 -0.003698 -0.261150 0.965264
192.231465 -95.448715 0.476364 0.008267 -0.004098 -0.255803 0.966685
192.922496 -95.922471 0.472709 0.007347 -0.006730 -0.181256 0.983385
193.649269 -96.360527 0.472044 0.005024 -0.008920 -0.192696 0.981205
194.371566 -96.788603 0.473784 0.003578 -0.009699 -0.193829 0.980981
195.103416 -97.223642 0.468492 0.009866 -0.002086 -0.193563 0.981036
195.822303 -97.630750 0.465373 0.008017 -0.003075 -0.185891 0.982533
196.518347 -98.030405 0.457388 0.005832 -0.006895 -0.123859 0.992259
197.332832 -98.291506 0.458920 0.007385 -0.010207 -0.080191 0.996700
198.133772 -98.534545 0.466551 0.002390 -0.009894 -0.082151 0.996568
198.915700 -98.791550 0.463031 0.009367 -0.002774 -0.082199 0.996568
199.721695 -99.048516 0.453331 0.008314 -0.004240 -0.078176 0.996896
200.516200 -99.326621 0.450922 0.009693 -0.004460 -0.098852 0.995045
201.311391 -99.607569 0.452554 0.007234 -0.007526 -0.102411 0.994687
202.090020 -99.891202 0.453043 0.006403 -0.010040 -0.099293 0.994987
202.850898 -100.158756 0.463508 0.007902 -0.009650 -0.090790 0.995792
203.635217 -100.419656 0.469049 0.006686 -0.009535 -0.061032 0.998068
204.420701 -100.599289 0.477278 0.005989 -0.013820 -0.039073 0.999123
205.249064 -100.792914 0.483415 0.008402 -0.009219 -0.038924 0.999164
206.030274 -100.980049 0.492295 0.010659 -0.011418 -0.041408 0.999020
206.854492 -101.158389 0.488208 0.008536 -0.009361 -0.036033 0.999270
207.644219 -101.338771 0.494987 0.005894 -0.008280 -0.037167 0.999257
208.454508 -101.498973 0.496277 0.007641 -0.004999 -0.033717 0.999390
209.234307 -101.683808 0.486091 0.006252 -0.005335 -0.045201 0.998944
210.065166 -101.903829 0.501409 0.009769 -0.005236 -0.078711 0.996836
210.884696 -102.186050 0.485651 0.009928 -0.001851 -0.076618 0.997009
211.695118 -102.437877 0.480009 0.012658 -0.000022 -0.075928 0.997033
212.522568 -102.651296 0.472689 0.008219 -0.007119 -0.056459 0.998346
213.369404 -102.878250 0.472144 0.010792 -0.003954 -0.051611 0.998601
214.149174 -103.066050 0.469255 0.012023 -0.005537 -0.043088 0.998984
214.973432 -103.264818 0.480258 0.012001 -0.009941 -0.049519 0.998652
215.782486 -103.471745 0.479621 0.012310 -0.007141 -0.042592 0.998991
216.574877 -103.678118 0.483105 0.008133 -0.012724 -0.057683 0.998221
217.379331 -103.884837 0.498828 0.005804 -0.005565 -0.075367 0.997123
218.184105 -104.117065 0.499371 0.009056 -0.001607 -0.074311 0.997193
218.980203 -104.335312 0.501201 0.008093 -0.008507 0.117917 0.992954
219.772105 -104.209815 0.496826 0.010134 -0.005864 0.152461 0.988240
220.608684 -104.077407 0.499096 0.009476 -0.009700 0.159388 0.987123
221.448416 -103.932898 0.504162 0.010972 -0.008706 0.159464 0.987104
222.278118 -103.781756 0.508478 0.006979 -0.007715 0.159280 0.987179
223.106566 -103.663886 0.509684 0.007263 -0.004790 0.058907 0.998226
223.935088 -103.835823 0.501500 0.007437 -0.002017 -0.089707 0.995938
224.716904 -104.068829 0.494287 0.011066 -0.002786 -0.066312 0.997734
225.491655 -104.280673 0.483746 0.013065 -0.003297 -0.053294 0.998488
226.304676 -104.498022 0.491172 0.016573 -0.009218 -0.050927 0.998522
227.092497 -104.704324 0.481275 0.020167 -0.010496 -0.047976 0.998590
227.894272 -104.771237 0.489190 0.008986 -0.010138 0.034184 0.999324
228.719762 -104.848414 0.491000 0.006885 -0.006250 0.029476 0.999522
229.535064 -104.928926 0.478087 0.008030 -0.001172 0.000552 0.999967
230.372778 -105.052033 0.478051 0.008427 -0.007099 0.012947 0.999855
231.189144 -105.162334 0.482677 0.007885 -0.009538 0.011818 0.999854
232.040222 -105.273370 0.481143 0.009206 -0.007779 0.010699 0.999870
232.867786 -105.367231 0.496125 0.007034 -0.009863 0.010255 0.999874
233.667522 -105.463552 0.488854 0.006147 -0.009302 0.021436 0.999708
234.511172 -105.426951 0.490288 0.005323 -0.007946 0.100238 0.994918
235.345815 -105.380925 0.501011 0.006550 -0.009623 0.101847 0.994732
236.187780 -105.323376 0.502021 0.002206 -0.012032 0.089894 0.995876
237.029043 -105.334469 0.515535 0.003455 -0.008968 0.051961 0.998603
237.880239 -105.408931 0.503771 0.004426 -0.003194 0.014706 0.999877
238.725787 -105.502072 0.497378 0.002691 -0.001099 0.011595 0.999929
239.578460 -105.610421 0.489026 0.008284 0.001904 0.020664 0.999750
240.425696 -105.686825 0.483712 0.003823 -0.004715 0.021984 0.999740
241.227401 -105.779024 0.489656 0.002680 -0.012275 0.015786 0.999796
242.038076 -105.837982 0.498461 0.004544 -0.005879 0.075558 0.997114
242.831544 -105.698582 0.493608 0.005490 -0.008314 0.169482 0.985483
243.622597 -105.562434 0.487855 0.001401 -0.005092 0.155187 0.987871
244.484928 -105.496446 0.493649 0.005876 -0.005291 0.067433 0.997692
245.301717 -105.517430 0.492931 0.003972 -0.008028 0.058977 0.998219
246.112964 -105.540904 0.499833 0.003340 -0.010154 0.060641 0.998102
246.927624 -105.533857 0.510039 -0.000219 -0.010501 0.068646 0.997586
247.745479 -105.546994 0.525295 0.003932 -0.009712 0.066836 0.997709
248.591411 -105.560730 0.528339 0.002550 -0.009132 0.063826 0.997916
249.413029 -105.585818 0.543901 0.004758 -0.008920 0.067618 0.997660
250.224996 -105.593129 0.542425 0.005019 -0.007335 0.067319 0.997692
251.029754 -105.591892 0.547502 0.007331 -0.011485 0.069381 0.997497
251.831282 -105.576350 0.560798 0.007762 -0.009973 0.134359 0.990852
252.626888 -105.400444 0.555001 0.001966 -0.000529 0.180036 0.983658
253.405912 -105.203955 0.539338 -0.010285 0.006255 0.177791 0.983995
254.234162 -105.019017 0.512148 0.001243 0.006311 0.174906 0.984564
255.020321 -104.852709 0.496422 -0.000276 0.008437 0.184135 0.982865
255.860837 -104.668762 0.482800 0.001600 0.006594 0.183294 0.983035
256.684596 -104.508953 0.479516 0.007258 -0.004951 0.169799 0.985440
257.496805 -104.337375 0.491568 0.006446 -0.013220 0.173980 0.984639
258.292108 -104.158462 0.500783 0.006965 -0.008477 0.175756 0.984373
259.083104 -103.993531 0.503494 0.006773 -0.007584 0.170889 0.985238
259.918620 -103.981072 0.504205 0.003520 -0.005487 -0.047969 0.998828
260.716573 -104.168297 0.512305 0.004990 -0.009592 -0.052312 0.998572
261.483823 -104.509971 0.507121 -0.000712 -0.008208 -0.222387 0.974924
262.086641 -105.087235 0.493939 0.002947 -0.003314 -0.359920 0.932973
262.656824 -105.738496 0.487769 0.006397 -0.000838 -0.350446 0.936561
263.194989 -106.344243 0.470315 0.003493 0.001953 -0.344342 0.938836
263.698335 -106.969139 0.461190 0.002208 0.000241 -0.424050 0.905636
264.132459 -107.646491 0.457294 0.000461 -0.000407 -0.441645 0.897190
264.391441 -108.453168 0.440007 0.000338 -0.001240 -0.593618 0.804746
264.524602 -109.308156 0.427205 0.000750 0.001628 -0.584779 0.811191
264.672878 -110.095745 0.416028 -0.002352 0.005460 -0.629928 0.776631
264.625287 -110.945729 0.418668 -0.007402 0.001455 -0.722032 0.691819
264.336280 -111.736380 0.411618 -0.002219 0.001886 -0.817290 0.576219
263.823782 -112.417035 0.415948 -0.004454 0.007929 -0.898920 0.438018
263.143303 -112.903580 0.395197 0.008347 0.019487 -0.955517 0.294172
262.405762 -113.269547 0.360372 0.009961 0.018975 -0.953165 0.301689
261.697166 -113.657204 0.331153 0.010599 0.014598 -0.931161 0.364162
261.115274 -114.207338 0.297188 0.013945 0.012849 -0.867543 0.497000
260.613417 -114.854669 0.252466 0.016140 0.011606 -0.866364 0.499017
260.083273 -115.516090 0.216370 0.012994 0.011333 -0.868897 0.494693
259.568457 -116.166250 0.174742 0.011324 0.009581 -0.864994 0.501562
259.062968 -116.791147 0.157338 0.005820 0.009383 -0.859973 0.510219
259.344141 -116.012187 0.192911 0.010572 0.000516 -0.684001 0.729404
259.292564 -115.185930 0.220177 0.011248 -0.001665 -0.578613 0.815523
260.018097 -115.624571 0.204731 0.013768 -0.012011 -0.121404 0.992435
260.821458 -115.759761 0.214329 0.014741 -0.017700 0.106361 0.994061
261.635325 -115.516094 0.259316 0.015104 -0.021742 0.310804 0.950105
262.316689 -115.049853 0.275737 0.015190 -0.022051 0.373715 0.927157
263.012736 -114.538365 0.302167 0.014217 -0.022405 0.374514 0.926842
263.681892 -114.057860 0.346262 0.011911 -0.019787 0.375854 0.926391
264.353877 -113.579332 0.372010 0.010372 -0.018984 0.374452 0.926994
265.067908 -113.049566 0.395578 0.008221 -0.012662 0.378668 0.925409
265.717550 -112.473232 0.389804 0.007403 -0.002758 0.470718 0.882249
266.304873 -111.818598 0.392096 0.004702 -0.003959 0.456752 0.889573
266.928422 -111.279393 0.403357 0.008109 -0.005994 0.360882 0.932557
267.635244 -110.885697 0.402530 0.005696 -0.007305 0.318517 0.947872
268.307494 -110.447435 0.409808 0.005942 -0.007170 0.372317 0.928059
269.006904 -109.945458 0.416684 0.001285 -0.011042 0.360246 0.932791
269.710121 -109.486095 0.428609 0.003391 -0.011799 0.356653 0.934156
270.428727 -109.029431 0.445309 0.007173 -0.008929 0.358223 0.933566
271.129787 -108.550777 0.458315 0.004394 -0.013392 0.361382 0.932311
271.816445 -108.086426 0.474350 0.003749 -0.011200 0.354044 0.935154
272.490499 -107.631553 0.466440 0.005206 -0.007239 0.353130 0.935532
273.188602 -107.168559 0.469118 0.002589 -0.009878 0.360258 0.932797
273.867709 -106.723236 0.480835 0.000553 -0.009572 0.357535 0.933850
274.676443 -106.735275 0.482625 0.004375 -0.007559 0.009703 0.999915
275.454728 -106.935488 0.479573 0.001312 -0.007741 -0.081726 0.996624
276.259385 -107.178360 0.484891 0.005449 -0.004757 -0.068142 0.997649
277.068616 -107.408737 0.478273 0.003428 -0.003222 -0.062587 0.998028
277.859444 -107.605649 0.490947 0.003535 -0.001436 -0.055447 0.998454
278.654941 -107.832219 0.449443 -0.002083 -0.005695 -0.084671 0.996391
279.394733 -108.147135 0.465673 0.001936 -0.002529 -0.172239 0.985050
280.165377 -108.575211 0.452118 0.000936 -0.002437 -0.169562 0.985516
280.885932 -108.948077 0.456936 0.002900 -0.003268 -0.168479 0.985696
281.635240 -109.314699 0.439515 0.006171 0.000170 -0.127407 0.991831
282.399978 -109.594155 0.437694 0.004555 -0.001867 -0.105921 0.994362
283.156504 -109.874248 0.424842 0.003171 -0.001104 -0.109888 0.993938
283.927859 -110.184827 0.431789 0.004741 -0.005224 -0.109058 0.994010
284.739575 -110.490602 0.415192 0.006853 -0.002134 -0.105786 0.994363
285.422098 -110.960929 0.419141 -0.003135 -0.000059 -0.615833 0.787870
285.437447 -111.771802 0.407569 -0.000462 0.006814 -0.690021 0.723757
285.262177 -112.577572 0.390803 0.003324 0.006792 -0.772953 0.634419
284.874947 -113.290933 0.360616 0.005232 0.008762 -0.849771 0.527053
284.388822 -113.938619 0.346901 0.002331 0.013136 -0.863343 0.504441
283.889537 -114.597053 0.341364 0.001195 0.015645 -0.863926 0.503375
283.406328 -115.253728 0.316941 0.003932 0.015069 -0.863846 0.503515
282.891990 -115.906432 0.286704 0.003428 0.013201 -0.863174 0.504723
282.748000 -116.694889 0.265572 0.008727 0.003898 -0.440068 0.897914
283.151265 -117.434948 0.247324 0.007961 0.005094 -0.449407 0.893277
283.543087 -118.181906 0.221253 0.006847 0.006638 -0.444104 0.895925
283.970064 -118.919614 0.203302 0.007740 0.007376 -0.450926 0.892497
284.403095 -119.656864 0.170274 0.010248 0.008171 -0.376463 0.926339
285.024008 -120.233969 0.144378 0.006538 -0.002946 -0.245401 0.969395
285.658989 -120.763184 0.129571 0.008825 0.003731 -0.266535 0.963778
286.310178 -121.272722 0.107851 0.005373 0.002687 -0.247055 0.968983
286.982485 -121.786781 0.096461 0.004974 0.003733 -0.299692 0.954016
287.559262 -122.380422 0.083179 0.005598 0.002895 -0.337309 0.941373
288.103899 -122.992845 0.081155 0.008403 -0.000125 -0.333018 0.942883
288.663833 -123.566875 0.061298 0.007564 0.003902 -0.328026 0.944630
289.296041 -124.141546 0.040753 0.012160 0.002422 -0.239778 0.970749
289.988430 -124.655842 0.031925 0.008230 -0.004001 -0.249464 0.968341
290.642615 -125.144612 0.011616 0.010592 0.000038 -0.238050 0.971195
291.340242 -125.587781 0.009410 0.013359 -0.000950 -0.190097 0.981674
292.030325 -126.010738 -0.002363 0.013359 -0.000583 -0.189310 0.981826
292.760818 -126.428250 -0.013491 0.013048 -0.001051 -0.198300 0.980054
293.459699 -126.849757 -0.034173 0.010794 -0.002610 -0.188276 0.982053
294.188381 -127.266725 -0.044023 0.012689 0.000551 -0.187055 0.982267
294.902602 -127.670582 -0.073985 0.013768 0.001498 -0.181089 0.983369
295.613306 -128.075684 -0.074315 0.012101 -0.005488 -0.164733 0.986249
296.341595 -128.421399 -0.079405 0.010860 -0.006137 -0.144038 0.989494
297.124390 -128.774753 -0.095318 0.013154 -0.001497 -0.139759 0.990097
297.859267 -129.100512 -0.090300 0.011376 -0.003665 -0.138838 0.990243
298.624851 -129.454093 -0.107478 0.012707 -0.001219 -0.138158 0.990328
299.391470 -129.799056 -0.115181 0.015166 -0.005648 -0.150375 0.988497
300.148533 -130.146306 -0.114246 0.012680 -0.004563 -0.135106 0.990739
300.900050 -130.486905 -0.122901 0.012465 -0.003435 -0.132930 0.991041
301.703264 -130.570230 -0.147904 0.014528 -0.008727 0.314561 0.949086
302.488000 -130.362676 -0.146265 0.007770 -0.006434 0.191297 0.981480
303.287488 -130.170840 -0.131851 0.007592 -0.004507 0.073502 0.997256
304.113069 -130.298256 -0.143059 0.005316 -0.001737 -0.060234 0.998169
304.947134 -130.524935 -0.152809 0.004767 -0.002920 -0.058755 0.998257
305.760546 -130.742986 -0.151869 0.009807 -0.003414 -0.053651 0.998506
306.543466 -130.948319 -0.152311 0.013233 -0.009032 -0.057392 0.998223
307.351672 -131.183599 -0.161622 0.015158 -0.007491 -0.082727 0.996429
308.112598 -131.522869 -0.168136 0.012379 -0.007252 -0.193068 0.981081
308.769407 -132.019617 -0.180048 0.012460 -0.000908 -0.291745 0.956415
309.310071 -132.674301 -0.187755 0.006088 0.002401 -0.415796 0.909434
309.690183 -133.432252 -0.211764 0.003371 0.001643 -0.493335 0.869831
310.323903 -134.004264 -0.221815 0.008450 -0.001560 -0.244312 0.969659
310.982543 -134.496230 -0.232512 0.008666 -0.003257 -0.241377 0.970387
311.672673 -134.994887 -0.233387 0.010501 0.002851 -0.243478 0.969845
312.342378 -135.478348 -0.259896 0.010656 -0.002361 -0.217278 0.976049
313.024288 -135.940167 -0.284773 0.013192 -0.000148 -0.204062 0.978869
313.759823 -136.385515 -0.298042 0.013871 -0.003359 -0.197896 0.980119
314.501328 -136.794859 -0.300776 0.009585 -0.004713 -0.190330 0.981662
315.168940 -137.269886 -0.328025 0.014220 0.001296 -0.260639 0.965331
315.805879 -137.812795 -0.344614 0.016405 0.004289 -0.266561 0.963669
316.480650 -138.249189 -0.368554 0.015176 0.001977 -0.155439 0.987727
317.297059 -138.354554 -0.366728 0.015342 -0.008156 0.253217 0.967253
318.047362 -138.047393 -0.360967 0.022136 -0.005651 0.075337 0.996896
318.786564 -138.382319 -0.368538 0.018799 0.000465 -0.276356 0.960871
319.428399 -138.911483 -0.392219 0.012807 -0.002168 -0.260395 0.965415
320.080651 -139.417011 -0.416646 0.013823 -0.003270 -0.263092 0.964666
320.728849 -139.957192 -0.440577 0.011484 0.003550 -0.261745 0.965062
321.381335 -140.474605 -0.451139 0.015400 0.005017 -0.259971 0.965481
322.061143 -141.024159 -0.477039 0.011999 0.003799 -0.263900 0.964468
322.726510 -141.548893 -0.524631 0.013373 0.003541 -0.256873 0.966346
323.429734 -142.068818 -0.536085 0.012385 0.004219 -0.253189 0.967328
324.067817 -142.594417 -0.562666 0.012148 -0.000548 -0.253972 0.967135
324.749507 -143.115315 -0.575258 0.013359 0.002782 -0.251046 0.967879
325.420466 -143.586167 -0.586639 0.017354 0.000232 -0.180883 0.983351
326.181435 -143.888719 -0.588403 0.019767 -0.002943 -0.041371 0.998944
326.928795 -144.197784 -0.622078 0.016483 -0.003385 -0.113721 0.993370
327.701012 -144.535308 -0.611779 0.016701 0.001299 -0.192397 0.981174
328.359512 -145.021705 -0.638015 0.017118 -0.004359 -0.225945 0.973980
329.116546 -145.496022 -0.637620 0.018353 -0.006297 -0.207638 0.978013
329.815140 -145.915127 -0.667137 0.021885 0.001058 -0.192240 0.981103
330.522468 -146.369093 -0.698784 0.023335 -0.004146 -0.193498 0.980814
331.229887 -146.784716 -0.688008 0.025375 -0.006147 -0.186337 0.982139
331.965003 -147.188370 -0.717010 0.025250 -0.006334 -0.177192 0.983832
332.702436 -147.560710 -0.736063 0.028882 -0.008521 -0.137881 0.989991
333.455682 -147.849755 -0.726093 0.033850 -0.014116 -0.082324 0.995931
334.267222 -148.109190 -0.737337 0.035788 -0.012433 -0.070400 0.996799
335.048483 -148.370108 -0.748993 0.040617 -0.009709 -0.102740 0.993831
335.789368 -148.710321 -0.750782 0.042834 -0.015858 -0.134528 0.989856
336.567597 -149.051255 -0.761543 0.047253 -0.003899 -0.125404 0.990972
337.333713 -149.382682 -0.765470 0.044588 -0.010920 -0.116171 0.992168
338.068625 -149.713432 -0.785791 0.048572 -0.011015 -0.155488 0.986581
338.763580 -150.159397 -0.798497 0.049147 -0.013046 -0.258893 0.964567
339.351239 -150.747918 -0.824008 0.044384 -0.014943 -0.311062 0.949235
339.990577 -151.235385 -0.832718 0.043722 -0.025552 -0.156717 0.986344
340.787206 -151.592209 -0.827542 0.055311 -0.026842 -0.134665 0.988982
341.534110 -151.950292 -0.823339 0.063049 -0.029687 -0.138122 0.987960
342.241235 -152.358153 -0.824732 0.060424 -0.020897 -0.195619 0.978594
342.902068 -152.837244 -0.851945 0.055552 -0.010963 -0.267676 0.961844
343.545951 -153.364336 -0.870782 0.052747 -0.019385 -0.247842 0.967169
344.244736 -153.843637 -0.872175 0.049505 -0.020390 -0.180204 0.982171
344.979279 -154.265939 -0.875551 0.048483 -0.023873 -0.169150 0.984108
345.725187 -154.684385 -0.865644 0.050363 -0.019659 -0.191263 0.980049
346.403050 -155.176509 -0.898609 0.052881 -0.015312 -0.251435 0.966307
347.058503 -155.709425 -0.914047 0.057442 -0.013039 -0.250786 0.966249
347.719777 -156.207158 -0.945796 0.051172 -0.013561 -0.216446 0.974858
348.439131 -156.632200 -0.960454 0.041704 -0.011433 -0.196517 0.979546
349.151861 -157.076065 -0.977033 0.035405 -0.018258 -0.206591 0.977616
349.856001 -157.509256 -0.990736 0.029032 -0.003106 -0.216188 0.975915
350.544403 -158.031758 -1.002337 0.028402 -0.008424 -0.258586 0.965534
351.192614 -158.557274 -1.015692 0.035560 -0.009169 -0.232982 0.971787
351.878326 -159.029402 -1.043562 0.034129 -0.007091 -0.204136 0.978322
352.590694 -159.469488 -1.059265 0.027675 -0.012877 -0.193682 0.980589
353.286060 -159.912345 -1.065754 0.028260 -0.003791 -0.207781 0.977760
354.030901 -160.316606 -1.078309 0.019942 -0.000823 -0.197064 0.980187
354.748992 -160.755529 -1.106209 0.020804 0.002472 -0.191591 0.981251
355.451779 -161.180391 -1.120002 0.021894 -0.002059 -0.185595 0.982380
356.183897 -161.602569 -1.139480 0.020715 -0.003565 -0.177461 0.983903
356.903027 -162.054439 -1.148867 0.025087 -0.005630 -0.221425 0.974838
357.613511 -162.533024 -1.166281 0.028834 -0.007406 -0.200097 0.979324
358.314219 -162.982732 -1.172417 0.029098 -0.014434 -0.208929 0.977391
359.001105 -163.418840 -1.151148 0.030652 -0.016913 -0.204730 0.978192
359.735912 -163.816571 -1.167770 0.032189 -0.015254 -0.154504 0.987350
360.470049 -164.240912 -1.189948 0.031085 -0.009147 -0.235037 0.971446
361.127859 -164.741249 -1.212105 0.034263 -0.010316 -0.234391 0.971484
361.818986 -165.243070 -1.213512 0.037520 -0.011789 -0.226116 0.973306
362.497805 -165.705230 -1.236643 0.034875 -0.011586 -0.223657 0.973975
363.173993 -166.181418 -1.258579 0.036916 -0.008856 -0.209793 0.977008
363.883980 -166.638947 -1.284862 0.034994 -0.013306 -0.204704 0.978108
364.614204 -167.083991 -1.288964 0.038507 -0.008613 -0.193773 0.980253
365.355374 -167.522603 -1.319706 0.030753 -0.013852 -0.192629 0.980692
366.133728 -167.969120 -1.337777 0.035274 -0.011782 -0.176163 0.983658
366.896616 -168.408199 -1.357247 0.032266 -0.008420 -0.177181 0.983613
367.652873 -168.837966 -1.363919 0.029868 -0.010716 -0.176687 0.983756
368.363777 -169.261079 -1.382917 0.029911 -0.006256 -0.200019 0.979315
369.038451 -169.699193 -1.389246 0.025655 -0.008452 -0.207556 0.977850
369.764070 -170.145413 -1.415706 0.028895 -0.010969 -0.201378 0.979026
370.492757 -170.591701 -1.408581 0.031988 -0.009899 -0.187368 0.981719
371.192138 -171.009349 -1.429326 0.032116 -0.013004 -0.178682 0.983297
371.919902 -171.477597 -1.437315 0.032974 -0.010306 -0.192604 0.980668
371.211785 -171.033093 -1.424862 0.002469 0.040392 -0.978052 -0.204392
370.514497 -170.579340 -1.417845 0.000353 0.037497 -0.975310 -0.217631
369.841209 -170.138290 -1.407207 -0.000332 0.039080 -0.972603 -0.229164
369.176130 -169.693096 -1.390557 0.001092 0.035934 -0.975099 -0.218835
368.463380 -169.243374 -1.386391 -0.001301 0.040877 -0.978882 -0.200295
367.727379 -168.822791 -1.357696 -0.004780 0.043558 -0.977882 -0.204517
366.994635 -168.375423 -1.346413 0.001654 0.044580 -0.976043 -0.212953
366.310647 -167.946406 -1.322155 -0.000723 0.048025 -0.974345 -0.219876
365.564908 -167.465876 -1.312609 -0.001495 0.053144 -0.971173 -0.232370
364.878679 -166.984931 -1.274408 -0.006388 0.048805 -0.969745 -0.239108
364.176818 -166.503369 -1.259605 -0.000473 0.047516 -0.971178 -0.233569
363.449621 -166.062973 -1.246901 0.005284 0.049614 -0.977934 -0.202871
362.714415 -165.641691 -1.231574 0.003363 0.044660 -0.982666 -0.179892
361.995908 -165.249082 -1.223684 0.002061 0.043264 -0.980940 -0.189420
361.284418 -164.822494 -1.212194 -0.001510 0.044614 -0.977633 -0.205526
360.572795 -164.367047 -1.198091 0.000612 0.041333 -0.969798 -0.240382
359.876005 -163.860168 -1.174300 0.000629 0.039236 -0.975402 -0.216913
359.182754 -163.452753 -1.172592 0.003448 0.040243 -0.976244 -0.212875
358.482560 -162.998515 -1.172366 0.010313 0.035703 -0.974164 -0.222764
357.770975 -162.548768 -1.178030 0.004108 0.034544 -0.978767 -0.202002
357.066222 -162.113930 -1.161545 -0.004191 0.033085 -0.978424 -0.203897
356.361309 -161.695488 -1.152912 -0.001935 0.030472 -0.977622 -0.208143
355.614624 -161.223480 -1.140730 -0.006565 0.030019 -0.976831 -0.211793
354.928134 -160.782294 -1.115407 -0.009131 0.028496 -0.976450 -0.213657
354.200914 -160.317138 -1.097236 -0.010343 0.028732 -0.975522 -0.217773
353.466719 -159.847061 -1.082387 -0.005028 0.032730 -0.974607 -0.221460
352.758827 -159.379059 -1.057765 -0.005084 0.035388 -0.972706 -0.229272
352.049780 -158.905026 -1.044435 0.002048 0.038338 -0.971626 -0.233387
351.334141 -158.424053 -1.027896 -0.005484 0.040888 -0.969839 -0.240230
350.618305 -157.925823 -1.004537 -0.002479 0.041015 -0.974160 -0.222091
349.919208 -157.492110 -0.992961 0.001390 0.041005 -0.981344 -0.187829
349.198477 -157.141048 -0.985883 0.002928 0.048126 -0.988271 -0.144901
348.471195 -156.803771 -0.984172 0.011122 0.042326 -0.986068 -0.160484
347.706134 -156.428088 -0.962268 -0.000025 0.052315 -0.983455 -0.173435
346.927480 -156.024797 -0.942764 0.004446 0.059867 -0.980737 -0.185878
346.210639 -155.623503 -0.931654 0.002305 0.057822 -0.978861 -0.196169
345.473761 -155.192729 -0.925916 0.000574 0.053111 -0.976542 -0.208672
344.766030 -154.746117 -0.921786 0.003717 0.046794 -0.974505 -0.219399
344.082677 -154.272998 -0.913929 0.000623 0.041638 -0.973268 -0.225866
343.407845 -153.832533 -0.894563 0.001950 0.034538 -0.974780 -0.220470
342.648920 -153.374283 -0.881177 -0.004959 0.033559 -0.980604 -0.193040
341.928221 -152.959817 -0.879990 -0.002284 0.032825 -0.979486 -0.198809
341.236790 -152.534089 -0.864209 -0.001957 0.029860 -0.981004 -0.191665
340.500566 -152.126235 -0.853845 0.000435 0.030255 -0.977154 -0.210366
339.799766 -151.675235 -0.853441 -0.001279 0.031055 -0.974154 -0.223738
339.126727 -151.202746 -0.858921 0.002507 0.027216 -0.972436 -0.231564
338.471575 -150.737284 -0.829001 -0.003068 0.026397 -0.974240 -0.223944
337.733314 -150.389678 -0.828723 -0.001276 0.024887 -0.991741 -0.125814
336.957185 -150.082071 -0.807301 -0.008692 0.025719 -0.995032 -0.095786
336.158322 -149.827508 -0.804756 -0.006482 0.028144 -0.994789 -0.097780
335.367258 -149.532357 -0.802421 -0.008306 0.027322 -0.993523 -0.109983
334.625949 -149.193914 -0.788027 -0.006431 0.022343 -0.983984 -0.176736
333.982705 -148.709240 -0.773229 -0.008974 0.028409 -0.957133 -0.288113
333.329991 -148.194426 -0.743953 -0.009061 0.032451 -0.964288 -0.262704
332.669223 -147.710806 -0.727897 -0.003666 0.033593 -0.975081 -0.219261
331.961880 -147.223391 -0.705550 -0.005276 0.035882 -0.974089 -0.223240
331.266590 -146.793854 -0.687446 -0.005216 0.038484 -0.974129 -0.222632
330.539286 -146.338897 -0.677478 -0.003400 0.034540 -0.981226 -0.189712
329.783682 -145.952617 -0.680990 -0.005249 0.026543 -0.987444 -0.155634
329.014744 -145.591283 -0.648556 -0.007973 0.025449 -0.987810 -0.153366
328.298094 -145.218115 -0.645690 -0.004963 0.025842 -0.981615 -0.189048
327.579004 -144.794683 -0.636103 -0.009199 0.025727 -0.981386 -0.190091
326.852420 -144.401108 -0.619756 -0.010352 0.027356 -0.981595 -0.188722
326.095065 -143.984777 -0.603670 -0.002571 0.024369 -0.981690 -0.188904
325.359477 -143.518814 -0.567963 -0.007723 0.024836 -0.979512 -0.199701
324.643834 -143.092028 -0.563481 -0.011390 0.022776 -0.980807 -0.193311
323.939445 -142.679777 -0.540167 -0.011628 0.027056 -0.980826 -0.192645
323.217537 -142.256192 -0.511020 -0.005303 0.024114 -0.978941 -0.202645
322.520859 -141.814641 -0.500310 -0.013326 0.026551 -0.978406 -0.204545
321.794417 -141.382666 -0.475157 -0.007371 0.023178 -0.977673 -0.208720
321.065234 -140.933356 -0.464832 -0.007631 0.023403 -0.977190 -0.210935
320.382669 -140.486915 -0.436498 -0.013203 0.026005 -0.979091 -0.201320
319.719057 -140.021553 -0.437012 -0.006503 0.024205 -0.958333 -0.284551
319.155895 -139.380113 -0.394596 -0.007455 0.022437 -0.952939 -0.302238
318.449796 -138.897315 -0.395360 -0.006938 0.021946 -0.979968 -0.197821
317.728695 -138.457198 -0.391455 -0.012700 0.026556 -0.977636 -0.208233
317.030580 -138.003292 -0.367864 -0.007860 0.022151 -0.976982 -0.212025
316.354215 -137.567958 -0.334439 -0.011877 0.024245 -0.977071 -0.211197
315.654928 -137.087430 -0.312460 -0.011547 0.020209 -0.976624 -0.213691
314.981901 -136.577060 -0.286167 -0.010063 0.021038 -0.948927 -0.314633
314.440062 -135.958604 -0.269992 -0.006927 0.021032 -0.922843 -0.384539
313.908706 -135.276998 -0.248271 -0.004538 0.027424 -0.932666 -0.359668
313.282984 -134.693098 -0.241356 -0.005945 0.024542 -0.967962 -0.249822
312.538929 -134.242437 -0.224779 0.000259 0.020823 -0.988494 -0.149820
311.772930 -133.907571 -0.230585 -0.008540 0.021727 -0.987172 -0.157947
311.056795 -133.539349 -0.215560 -0.001169 0.016763 -0.985085 -0.171249
310.258197 -133.110804 -0.217327 -0.005008 0.017518 -0.986545 -0.162471
309.538461 -132.744260 -0.215545 -0.001130 0.013543 -0.987282 -0.158396
308.793031 -132.368826 -0.201769 -0.005433 0.018870 -0.987754 -0.154779
308.072961 -132.004509 -0.187420 -0.007271 0.018413 -0.985506 -0.168480
307.300421 -131.608847 -0.182319 -0.003300 0.022294 -0.985660 -0.167234
306.540376 -131.269112 -0.173752 -0.006922 0.018889 -0.994238 -0.105294
305.745565 -131.013188 -0.176046 -0.001289 0.014166 -0.997989 -0.061767
304.898432 -130.774652 -0.169627 -0.007424 0.012607 -0.998027 -0.061063
304.094907 -130.584939 -0.159744 -0.004033 0.014695 -0.998531 -0.051994
303.302947 -130.394898 -0.169559 -0.006348 0.013433 -0.998892 -0.044645
302.496405 -130.207569 -0.155216 -0.004463 0.014339 -0.998502 -0.052606
301.680997 -129.984208 -0.145034 -0.007434 0.014501 -0.998463 -0.052964
300.905665 -129.778221 -0.140336 -0.007145 0.017484 -0.997844 -0.062853
300.130262 -129.564894 -0.139308 -0.004988 0.017880 -0.997673 -0.065603
299.319409 -129.332995 -0.125382 -0.002455 0.017935 -0.997838 -0.063179
298.479818 -129.127288 -0.129458 -0.003617 0.018635 -0.998338 -0.054409
297.669089 -128.927536 -0.122778 -0.005436 0.017315 -0.998115 -0.058624
296.892149 -128.698092 -0.101977 -0.005234 0.017517 -0.999113 -0.037943
296.257926 -128.150283 -0.077440 -0.007331 0.019291 -0.961944 -0.272465
295.561826 -127.669961 -0.108206 -0.003880 0.018002 -0.981081 -0.192721
294.842494 -127.244287 -0.088337 -0.006522 0.020261 -0.976935 -0.212475
294.121862 -126.798835 -0.041503 -0.011709 0.020983 -0.977373 -0.210156
293.409146 -126.306209 -0.025727 -0.004279 0.017408 -0.976965 -0.212646
292.695909 -125.877036 -0.010605 -0.009187 0.016582 -0.976792 -0.213347
291.972760 -125.407393 -0.008045 -0.005548 0.016405 -0.976831 -0.213308
291.302116 -124.963797 0.017375 -0.007285 0.017721 -0.976619 -0.214124
290.614290 -124.503648 0.029212 -0.008411 0.015713 -0.976201 -0.216136
289.876146 -124.029745 0.040756 -0.003187 0.019862 -0.976951 -0.212516
289.171023 -123.644912 0.049836 -0.007760 0.017553 -0.985104 -0.170887
288.484764 -123.227905 0.060700 -0.008663 0.014712 -0.982334 -0.186353
287.721905 -122.825340 0.068983 -0.004808 0.017014 -0.985389 -0.169397
286.977160 -122.440276 0.071983 -0.005905 0.017897 -0.984036 -0.176966
286.228216 -121.968177 0.090407 -0.006663 0.016984 -0.976698 -0.213844
285.543567 -121.531844 0.107520 -0.006408 0.016197 -0.977085 -0.212138
284.820123 -121.052457 0.124103 -0.010716 0.017921 -0.962660 -0.269905
284.218657 -120.447896 0.159705 -0.007179 0.018404 -0.936677 -0.349637
283.728322 -119.791703 0.166045 -0.013349 0.018605 -0.914089 -0.404867
283.260809 -119.072320 0.195212 -0.012980 0.020289 -0.903216 -0.428510
282.842666 -118.369144 0.218292 -0.004517 0.020734 -0.892642 -0.450266
282.462429 -117.619890 0.241827 -0.009997 0.020933 -0.890416 -0.454556
282.065727 -116.877180 0.272819 -0.005632 0.017766 -0.887948 -0.459566
281.673938 -116.104263 0.287590 -0.003945 0.017870 -0.887284 -0.460861
281.283978 -115.342485 0.311459 -0.009660 0.021216 -0.886242 -0.462635
280.911293 -114.624926 0.331354 -0.006889 0.021859 -0.882790 -0.469209
280.540094 -113.870332 0.350729 -0.008646 0.022398 -0.881612 -0.471363
280.199954 -113.125803 0.375835 -0.007938 0.020719 -0.881447 -0.471762
279.838699 -112.375979 0.394462 -0.007430 0.017206 -0.879409 -0.475697
279.491566 -111.631149 0.423569 -0.012360 0.019109 -0.883305 -0.468246
279.106816 -110.870368 0.438275 -0.006224 0.017105 -0.884704 -0.465797
278.745984 -110.084688 0.457406 -0.009388 0.014375 -0.885132 -0.465022
278.379942 -109.367947 0.464564 -0.006067 0.008027 -0.888139 -0.459466
277.698329 -108.835651 0.473042 -0.006108 0.008309 -0.985939 -0.166788
276.970512 -108.452959 0.483706 -0.008121 0.009817 -0.985929 -0.166679
276.223720 -108.092350 0.488719 0.000103 0.010620 -0.985481 -0.169454
275.457531 -107.673254 0.500583 -0.006640 0.009386 -0.985549 -0.168998
274.699864 -107.274719 0.486765 -0.001902 0.008345 -0.982796 -0.184497
273.958037 -106.863017 0.490269 -0.003343 0.008667 -0.984088 -0.177437
273.248262 -106.469580 0.494749 -0.003066 0.008969 -0.984555 -0.174820
272.514476 -106.053800 0.489872 0.000710 0.005819 -0.984512 -0.175220
271.764963 -105.647803 0.508779 -0.003509 0.006284 -0.984538 -0.175021
271.005648 -105.255366 0.486477 -0.009719 0.011938 -0.982385 -0.186232
270.290565 -104.758675 0.509021 -0.009427 0.007221 -0.974849 -0.222549
269.606004 -104.310008 0.510020 -0.005431 0.006257 -0.971206 -0.238097
268.868919 -103.973119 0.531925 -0.008464 0.006420 -0.999837 0.014570
268.019838 -103.877063 0.544276 -0.009941 0.011743 -0.999786 0.013853
267.209966 -103.781752 0.533806 -0.008661 0.010903 -0.999857 0.009607
266.413895 -103.678392 0.546170 -0.002390 0.012440 -0.999836 0.012953
265.580593 -103.565201 0.534977 -0.004217 0.013933 -0.999701 -0.019671
264.791318 -103.276872 0.536984 -0.005498 0.011884 -0.987616 -0.156343
264.065426 -102.833044 0.542748 -0.006906 0.012532 -0.974316 -0.224730
263.386557 -102.356824 0.548950 -0.002216 0.011464 -0.975515 -0.219622
262.708773 -101.922908 0.550469 0.000677 0.014603 -0.974963 -0.221888
262.044715 -101.451350 0.541129 0.001135 0.013940 -0.975103 -0.221310
261.355766 -101.017639 0.534491 0.000285 0.008593 -0.975090 -0.221644
260.657932 -100.570652 0.556536 -0.003332 0.013174 -0.981240 -0.192308
259.905942 -100.172332 0.551766 -0.006445 0.013180 -0.988939 -0.147598
259.162232 -99.877469 0.551723 -0.005230 0.012742 -0.996788 -0.078893
258.374745 -99.682869 0.547206 -0.001363 0.013407 -0.998898 -0.044961
257.573090 -99.519816 0.570920 -0.002631 0.011252 -0.999252 -0.036917
256.738442 -99.324970 0.571798 -0.004325 0.011314 -0.999317 -0.034912
255.953783 -99.138414 0.558493 -0.002867 0.015047 -0.998632 -0.050000
255.173408 -98.926333 0.578134 -0.006184 0.013255 -0.998386 -0.054873
254.383265 -98.704865 0.580566 -0.005401 0.011272 -0.993478 -0.113339
253.684914 -98.280650 0.594800 -0.001194 0.009882 -0.968192 -0.250012
253.104172 -97.704315 0.574151 -0.001511 0.010854 -0.919970 -0.391836
252.534624 -97.126517 0.583784 -0.001622 0.013399 -0.978053 -0.207918
251.854977 -96.664711 0.593037 -0.006800 0.013758 -0.974261 -0.224902
251.151771 -96.199824 0.596995 -0.003486 0.016437 -0.973079 -0.229858
250.462224 -95.700157 0.611746 -0.007766 0.017911 -0.973735 -0.226844
249.761727 -95.233491 0.628168 -0.007471 0.016729 -0.973478 -0.228048
249.058645 -94.741854 0.653946 -0.005705 0.020187 -0.973524 -0.227621
248.357198 -94.284670 0.655101 -0.007071 0.016579 -0.973098 -0.229687
247.661285 -93.796082 0.661034 -0.006678 0.018097 -0.976896 -0.212844
246.884881 -93.391739 0.660160 -0.001515 0.018950 -0.991066 -0.132007
246.117202 -93.058227 0.668495 -0.002531 0.019545 -0.987733 -0.154906
245.348121 -92.662170 0.661382 -0.001025 0.018198 -0.987637 -0.155694
244.590376 -92.288081 0.669725 -0.002452 0.019727 -0.987478 -0.156497
243.820588 -91.916574 0.667995 -0.004198 0.019268 -0.987025 -0.159349
243.072586 -91.537491 0.683377 -0.003424 0.020137 -0.986412 -0.163018
242.307408 -91.149197 0.711915 -0.003521 0.017713 -0.986333 -0.163770
241.577641 -90.767141 0.708154 -0.005772 0.022678 -0.985525 -0.167906
240.788853 -90.362500 0.711190 -0.003069 0.019788 -0.985100 -0.170811
240.052256 -89.980097 0.732144 -0.003242 0.021280 -0.984876 -0.171917
239.296671 -89.567001 0.715054 0.002113 0.018453 -0.984263 -0.175731
238.553368 -89.172871 0.720486 0.000065 0.015307 -0.984684 -0.173674
237.792497 -88.763612 0.722195 0.000339 0.015370 -0.984468 -0.174889
237.040389 -88.355723 0.715964 0.000409 0.017339 -0.984660 -0.173619
236.275807 -87.965863 0.731758 -0.000194 0.021249 -0.983950 -0.177176
235.558300 -87.574307 0.727645 -0.000136 0.020113 -0.987906 -0.153743
234.818118 -87.205735 0.742913 0.002246 0.019068 -0.985424 -0.169028
234.124615 -86.801489 0.752242 -0.002276 0.020124 -0.916553 -0.399401
233.694206 -86.045937 0.762319 0.000594 0.019176 -0.907457 -0.419706
233.172456 -85.401729 0.777981 -0.000300 0.019604 -0.944190 -0.328816
232.545342 -84.843151 0.791912 -0.000782 0.019015 -0.968915 -0.246661
231.849161 -84.346826 0.787058 -0.001370 0.016171 -0.966551 -0.255960
231.201422 -83.847541 0.793652 -0.002701 0.019050 -0.969335 -0.244989
230.507664 -83.339225 0.810180 -0.001501 0.018520 -0.966900 -0.254479
229.881777 -82.793225 0.811262 0.000008 0.018167 -0.959466 -0.281239
229.239117 -82.266773 0.818434 -0.001705 0.018537 -0.956457 -0.291281
228.632762 -81.705998 0.829881 -0.001185 0.018290 -0.956013 -0.292751
227.999106 -81.123163 0.839538 -0.002023 0.019694 -0.955024 -0.295866
227.389642 -80.564928 0.848552 -0.002709 0.016703 -0.955075 -0.295879
226.767061 -80.009280 0.849626 0.003713 0.017124 -0.954257 -0.298473
226.312501 -79.336308 0.857136 0.000986 0.013843 -0.890829 -0.454127
225.846886 -78.661245 0.855859 -0.001455 0.015400 -0.946071 -0.323591
225.226380 -78.107025 0.863286 -0.003780 0.013906 -0.961101 -0.275823
224.576637 -77.548241 0.861410 0.000648 0.011774 -0.958991 -0.283193
223.967092 -77.017345 0.863213 0.001140 0.012987 -0.960944 -0.276436
223.342152 -76.489801 0.863739 -0.003236 0.010488 -0.964228 -0.264846
222.674416 -75.955795 0.865198 -0.003869 0.012673 -0.963845 -0.266133
222.011208 -75.423234 0.882755 -0.003035 0.012024 -0.968296 -0.249496
221.370684 -74.940816 0.886524 -0.006182 0.016952 -0.968506 -0.248335
220.701194 -74.436139 0.890839 -0.001317 0.013430 -0.966853 -0.254975
220.023242 -73.937882 0.893862 0.002146 0.014905 -0.967722 -0.251570
219.382289 -73.443330 0.892229 0.001949 0.014495 -0.967754 -0.251472
218.698121 -72.918855 0.892352 -0.001994 0.016544 -0.968780 -0.247363
218.022219 -72.437224 0.924889 -0.001384 0.017818 -0.974002 -0.225834
217.352383 -71.993848 0.921360 -0.002005 0.022246 -0.972722 -0.230896
216.691270 -71.531211 0.914067 -0.002138 0.021051 -0.970822 -0.238865
216.023662 -71.037656 0.904956 0.004988 0.013591 -0.970678 -0.239945
215.334555 -70.557070 0.905510 0.004419 0.015263 -0.973025 -0.230152
214.622571 -70.072164 0.893243 0.005005 0.013732 -0.968784 -0.247475
213.997844 -69.548992 0.889076 0.001141 0.014220 -0.964010 -0.265484
213.320048 -69.025817 0.894539 -0.001314 0.014628 -0.965257 -0.260890
212.667509 -68.508798 0.896145 0.003453 0.016124 -0.962156 -0.272001
211.985563 -67.966440 0.909144 0.000795 0.020488 -0.968524 -0.248074
211.322730 -67.460886 0.901954 -0.002011 0.018752 -0.965308 -0.260431
210.701779 -66.951513 0.902478 0.004388 0.014749 -0.967283 -0.253233
210.047126 -66.436214 0.905562 -0.000010 0.014613 -0.968910 -0.246982
209.395139 -65.968033 0.906622 0.000724 0.015500 -0.966547 -0.256021
208.711997 -65.423284 0.909461 -0.005165 0.018315 -0.965986 -0.257895
208.070424 -64.910179 0.904235 0.001000 0.012971 -0.965593 -0.259733
207.440604 -64.405793 0.917751 0.000306 0.013766 -0.967179 -0.253724
206.810546 -63.934904 0.907241 -0.001773 0.012828 -0.971236 -0.237767
206.131483 -63.413402 0.904771 -0.001390 0.015296 -0.966991 -0.254348
205.446869 -62.870704 0.914354 -0.002507 0.010230 -0.966623 -0.255985
204.767367 -62.366702 0.918497 -0.006409 0.013347 -0.970203 -0.241840
204.066161 -61.892755 0.919191 -0.001576 0.015292 -0.974497 -0.223872
203.382366 -61.428326 0.920836 -0.000608 0.013173 -0.973726 -0.227341
202.676527 -60.949426 0.941341 -0.002257 0.011836 -0.975121 -0.221345
201.993471 -60.497693 0.919820 -0.001603 0.011079 -0.975755 -0.218579
201.288335 -60.027761 0.933779 -0.002243 0.013403 -0.975325 -0.220355
200.574826 -59.544246 0.920253 -0.003913 0.012703 -0.974952 -0.222017
199.882009 -59.077284 0.917653 -0.002786 0.013340 -0.973594 -0.227879
199.193054 -58.591351 0.905140 -0.003642 0.012278 -0.973810 -0.227000
198.529224 -58.141151 0.918881 -0.004332 0.013713 -0.974869 -0.222316
197.828922 -57.663665 0.908889 -0.002788 0.013243 -0.975889 -0.217847
197.088958 -57.170519 0.933344 -0.004360 0.014217 -0.973822 -0.226825
196.417760 -56.692958 0.933033 -0.009626 0.010978 -0.973689 -0.227412
195.683874 -56.196194 0.935988 -0.010451 0.011106 -0.974598 -0.223443
194.962004 -55.699640 0.948267 -0.007395 0.009287 -0.977259 -0.211716
194.221715 -55.273026 0.947771 -0.003808 0.009779 -0.981949 -0.188855
193.479306 -54.848333 0.945641 -0.002397 0.008957 -0.982530 -0.185875
192.751114 -54.430200 0.952550 -0.000947 0.006000 -0.982221 -0.187628
192.029009 -54.001405 0.944512 -0.006238 0.006671 -0.983317 -0.181669
191.291926 -53.598756 0.961800 -0.003393 0.014380 -0.980322 -0.196854
190.611241 -53.156087 0.967835 -0.005490 0.014346 -0.972128 -0.233947
189.940066 -52.682390 0.972984 -0.005856 0.010963 -0.970860 -0.239325
189.258483 -52.208123 0.962904 -0.003182 0.010160 -0.973710 -0.227541
188.490035 -51.849195 0.967454 -0.004057 0.009998 -0.992223 -0.124001
187.699349 -51.511531 0.961182 -0.003494 0.011656 -0.992997 -0.117512
186.939477 -51.209618 0.977077 -0.005032 0.011466 -0.992886 -0.118405
186.160949 -50.893748 0.977769 -0.006519 0.012216 -0.993001 -0.117294
185.371665 -50.582770 0.977020 -0.001894 0.013565 -0.992605 -0.120617
184.701923 -50.113120 0.984874 -0.002648 0.014216 -0.878038 -0.478372
184.214546 -49.418546 0.978595 -0.004148 0.007846 -0.951201 -0.308445
183.549331 -48.962067 0.977306 -0.002777 0.010478 -0.991123 -0.132505
182.771604 -48.727817 0.970147 -0.005674 0.011760 -0.999291 -0.035312
181.932201 -48.508671 0.987288 -0.004415 0.014180 -0.996759 -0.079057
181.169627 -48.254040 0.985848 -0.003700 0.014532 -0.996548 -0.081654
180.346252 -47.987639 0.971713 0.004519 0.011258 -0.995653 -0.092343
179.547642 -47.701296 0.968477 0.001459 0.010053 -0.992938 -0.118196
178.813291 -47.368802 0.944691 0.000789 0.009097 -0.990813 -0.134931
178.008982 -47.037604 0.949741 -0.001868 0.013048 -0.991020 -0.133065
177.240357 -46.671652 0.935687 0.000203 0.011543 -0.990870 -0.134325
176.425654 -46.349100 0.914520 0.001130 0.011062 -0.991974 -0.125955
175.659876 -45.997664 0.896535 0.001923 0.011242 -0.990875 -0.134302
174.858882 -45.675554 0.876961 0.009700 0.015175 -0.990747 -0.134521
174.126942 -45.338750 0.875565 0.002319 0.010141 -0.992603 -0.120956
173.387126 -45.031635 0.861578 0.001644 0.009533 -0.990339 -0.138328
172.620093 -44.654493 0.857571 -0.002209 0.008093 -0.984309 -0.176254
172.358045 -45.418463 0.843763 -0.002176 0.012996 -0.809088 -0.587539
171.551371 -45.359749 0.834631 0.001672 0.010476 -0.992651 -0.120550
170.774240 -45.066731 0.815272 0.001867 0.011760 -0.998579 -0.051935
169.957227 -45.079082 0.804533 0.004764 0.012501 -0.986895 0.160809
169.146876 -45.217918 0.799375 0.003879 0.007832 -0.976844 0.213773
168.305840 -45.366490 0.771372 0.005142 0.010911 -0.989490 0.144097
167.487456 -45.444253 0.732134 0.005800 0.010886 -0.998212 0.058481
166.630044 -45.296861 0.715587 0.002979 0.013688 -0.997230 -0.073054
165.859743 -44.962713 0.710783 0.004082 0.013908 -0.984335 -0.175711
165.105738 -44.580967 0.689645 0.007907 0.009360 -0.992726 -0.119767
164.270672 -44.345114 0.678001 0.006621 0.013912 -0.997702 -0.065979
163.503508 -44.113282 0.660786 0.006756 0.011585 -0.997208 -0.073454
162.661717 -43.862683 0.636481 0.004707 0.012707 -0.997388 -0.070950
161.860487 -43.628084 0.635544 0.002729 0.011420 -0.997383 -0.071335
161.090263 -43.402710 0.617860 0.003138 0.011811 -0.996791 -0.079111
160.292480 -43.071842 0.603297 0.003916 0.011180 -0.984071 -0.177381
159.635303 -42.548679 0.596908 0.003807 0.010549 -0.940616 -0.339288
159.384743 -41.751401 0.613825 0.000358 0.014483 -0.833566 -0.552230
159.191929 -40.936483 0.614242 0.002610 0.015954 -0.833322 -0.552551
158.968700 -40.149560 0.619463 0.004144 0.014585 -0.832567 -0.553717
158.189101 -39.867565 0.620815 0.003353 0.008091 -0.998882 0.046454
157.351059 -39.819873 0.607193 0.004790 0.009193 -0.998652 0.050855
156.550282 -39.790084 0.590885 0.004931 0.007679 -0.998891 0.046189
155.736399 -39.737305 0.566064 0.005532 0.011020 -0.998787 0.047676
154.891532 -39.700582 0.561968 0.003299 0.009940 -0.998784 0.048183
154.133398 -39.353258 0.545655 0.001064 0.013666 -0.964672 -0.263098
153.421693 -38.816908 0.538763 0.003732 0.012731 -0.963620 -0.266946
152.769561 -38.241976 0.541029 0.000732 0.011669 -0.965560 -0.259917
152.091582 -37.718080 0.546908 -0.001345 0.012849 -0.965307 -0.260798
151.442528 -37.190896 0.558596 -0.004842 0.012856 -0.966330 -0.256939
150.790015 -36.688226 0.561703 -0.000711 0.014266 -0.965047 -0.261689
150.144975 -36.137753 0.563696 -0.002436 0.015295 -0.966981 -0.254379
149.430392 -35.606451 0.564449 0.001341 0.014488 -0.966912 -0.254697
148.751016 -35.104627 0.578166 -0.000355 0.011592 -0.966404 -0.256767
148.117417 -34.605498 0.571671 -0.000037 0.013448 -0.967248 -0.253478
147.435235 -34.058676 0.587345 -0.006146 0.014693 -0.967207 -0.253490
146.780514 -33.564034 0.584717 -0.003084 0.016889 -0.967012 -0.254153
146.132398 -33.055571 0.584222 -0.001427 0.016104 -0.966873 -0.254745
145.466570 -32.519677 0.591453 -0.001653 0.017156 -0.946783 -0.321410
144.883157 -31.892829 0.592796 -0.000252 0.013863 -0.943397 -0.331376
144.298868 -31.275436 0.593749 -0.001471 0.015140 -0.941889 -0.335580
143.768762 -30.663262 0.608327 -0.002379 0.017162 -0.941832 -0.335636
143.312738 -29.974385 0.608201 -0.001700 0.018077 -0.862194 -0.506252
143.206499 -29.148053 0.631216 -0.007236 0.013400 -0.747276 -0.664340
142.628897 -28.523282 0.645773 0.000640 0.016355 -0.944958 -0.326783
142.034413 -27.861441 0.644382 -0.001475 0.017488 -0.943936 -0.329661
141.430285 -27.236020 0.657573 0.001751 0.014890 -0.943799 -0.330180
140.856102 -26.596205 0.668970 -0.003552 0.016750 -0.942388 -0.334085
140.284186 -25.972521 0.674114 -0.001142 0.013290 -0.943614 -0.330778
139.701712 -25.342692 0.688454 -0.004235 0.015219 -0.944753 -0.327403
139.098439 -24.694338 0.692025 -0.004638 0.014543 -0.944319 -0.328677
138.500296 -24.083684 0.695050 -0.001169 0.013157 -0.944380 -0.328592
137.918367 -23.477325 0.709556 -0.001944 0.012660 -0.944621 -0.327914
137.323418 -22.848885 0.713784 -0.000326 0.012498 -0.946731 -0.321783
136.726479 -22.248685 0.712787 0.000814 0.011233 -0.946283 -0.323144
136.152232 -21.627903 0.713218 -0.001080 0.012454 -0.946272 -0.323130
135.583124 -21.041111 0.718526 0.000327 0.010843 -0.946514 -0.322479
134.974989 -20.426893 0.719287 -0.002629 0.015832 -0.946831 -0.321330
134.398179 -19.844288 0.725997 0.002725 0.016088 -0.944392 -0.328416
133.804538 -19.209403 0.719142 0.001635 0.015396 -0.943520 -0.330954
133.247067 -18.617632 0.716869 0.000560 0.016072 -0.944147 -0.329132
132.676397 -18.020865 0.718723 -0.000240 0.012357 -0.950640 -0.310050
132.066306 -17.444173 0.726850 -0.003997 0.013328 -0.951300 -0.307952
131.442437 -16.817468 0.733471 0.001106 0.018486 -0.950510 -0.310142
130.846408 -16.237993 0.750496 -0.001839 0.014433 -0.949964 -0.312020
130.235380 -15.616524 0.744428 0.000338 0.013509 -0.949496 -0.313489
129.632646 -15.039521 0.750618 0.001162 0.012520 -0.950587 -0.310202
129.029603 -14.455746 0.750897 -0.002300 0.013982 -0.952684 -0.303631
128.406242 -13.886227 0.766273 -0.001555 0.013581 -0.963295 -0.268097
127.753498 -13.375881 0.761425 -0.005644 0.015348 -0.965226 -0.260906
127.102891 -12.856621 0.772045 -0.002376 0.011838 -0.965519 -0.260051
126.441258 -12.307683 0.762847 -0.004366 0.015872 -0.964661 -0.262979
125.794997 -11.808525 0.770698 0.000204 0.012780 -0.971279 -0.237598
125.104670 -11.333735 0.782530 -0.003477 0.012904 -0.971404 -0.237055
124.430324 -10.853017 0.782249 -0.006089 0.012150 -0.973775 -0.227106
123.752480 -10.356515 0.793861 -0.004452 0.012299 -0.967540 -0.252377
123.073235 -9.816332 0.790163 -0.001210 0.011464 -0.968766 -0.247707
122.403476 -9.335841 0.784504 -0.004109 0.012934 -0.968073 -0.250302
121.737868 -8.803103 0.791856 -0.005163 0.013073 -0.968184 -0.249844
121.063695 -8.280183 0.782987 -0.002681 0.011025 -0.969219 -0.245940
120.368132 -7.768294 0.786945 -0.002023 0.007959 -0.970466 -0.241098
119.702392 -7.274632 0.786629 -0.003776 0.007828 -0.971260 -0.237860
118.988710 -6.765867 0.785532 -0.003487 0.008593 -0.970556 -0.240696
118.317200 -6.276568 0.807949 -0.008316 0.011751 -0.970086 -0.242335
117.640607 -5.793722 0.823182 -0.003977 0.011974 -0.968986 -0.246794
116.930798 -5.257203 0.812985 -0.004163 0.011148 -0.969716 -0.243946
116.278126 -4.757403 0.810229 -0.005053 0.008899 -0.970767 -0.239804
115.595314 -4.243369 0.828349 -0.003224 0.009136 -0.970961 -0.239040
114.876411 -3.751894 0.815155 -0.006128 0.010272 -0.971668 -0.236045
114.213723 -3.260169 0.818462 -0.007672 0.007086 -0.970393 -0.241306
113.507476 -2.753436 0.829895 -0.006113 0.010712 -0.966526 -0.256272
112.866183 -2.223992 0.840862 -0.004991 0.011279 -0.962276 -0.271795
112.203204 -1.654962 0.834939 -0.001550 0.008003 -0.963103 -0.269009
111.553561 -1.124823 0.836158 -0.003992 0.009022 -0.963154 -0.268771
110.883315 -0.593630 0.839964 -0.002637 0.008816 -0.962939 -0.269562
110.250142 -0.042517 0.839336 -0.011059 0.013292 -0.961983 -0.272561
109.564307 0.505941 0.863261 -0.003762 0.013679 -0.963165 -0.268537
108.936381 1.029298 0.853601 -0.006047 0.012996 -0.962037 -0.272544
108.294542 1.579348 0.852670 -0.007270 0.014187 -0.961200 -0.275393
107.632703 2.154537 0.863766 -0.002602 0.012356 -0.961475 -0.274602
106.988703 2.680153 0.883705 -0.001728 0.013447 -0.962337 -0.271522
106.312535 3.233137 0.878740 -0.005254 0.014057 -0.962623 -0.270427
105.650953 3.749394 0.872438 -0.000099 0.010474 -0.971887 -0.235213
104.933755 4.260767 0.873997 -0.004397 0.010775 -0.971414 -0.237106
104.256888 4.764738 0.874931 -0.001683 0.009697 -0.967641 -0.252141
103.608036 5.260418 0.885546 -0.002317 0.012854 -0.967682 -0.251835
102.905922 5.757130 0.864080 -0.001391 0.005974 -0.972706 -0.231960
102.248788 6.250452 0.878340 -0.000565 0.011421 -0.971719 -0.235865
101.563535 6.743672 0.872943 -0.001172 0.011079 -0.972547 -0.232442
100.853645 7.237778 0.866874 -0.003607 0.012914 -0.977372 -0.211100
100.165716 7.668138 0.873809 -0.001272 0.014337 -0.980318 -0.196902
99.416511 8.111529 0.851966 0.001051 0.013737 -0.978363 -0.206436
98.676728 8.550024 0.862959 -0.001187 0.014444 -0.979274 -0.202023
97.999380 9.003099 0.866245 -0.000765 0.013496 -0.977767 -0.209259
97.269503 9.451729 0.864761 -0.002596 0.013676 -0.976837 -0.213529
96.569829 9.909796 0.858751 -0.001753 0.013188 -0.973480 -0.228387
95.923271 10.385451 0.866762 -0.000896 0.012545 -0.973354 -0.228962
95.199759 10.861263 0.842810 -0.001005 0.013603 -0.972244 -0.233572
94.525798 11.337768 0.879825 -0.000667 0.012199 -0.976972 -0.213018
93.804473 11.809872 0.853420 0.004436 0.009883 -0.974101 -0.225852
93.093996 12.257420 0.864291 0.001169 0.010859 -0.976801 -0.213870
92.268241 12.237650 0.835544 0.003238 0.006920 -0.992853 0.119100
91.447201 12.030260 0.839862 0.003852 0.011120 -0.962630 0.270563
90.721229 11.643815 0.831959 0.002633 0.007443 -0.949315 0.314228
89.980555 11.258591 0.816629 0.003910 0.010931 -0.952970 0.302841
89.278319 10.856411 0.791205 0.013686 0.038884 -0.955758 0.291250
88.544743 10.528029 0.721941 0.019002 0.023415 -0.957197 0.287862
87.794505 10.205579 0.663576 0.029028 0.021288 -0.960256 0.276792
87.041365 9.865909 0.616443 0.021182 0.020227 -0.962043 0.271323
86.229546 9.552562 0.582804 0.004420 0.014847 -0.964175 0.264813
85.467199 9.261557 0.563523 0.006155 0.016305 -0.973109 0.229687
84.686753 9.040463 0.543106 0.006480 0.018568 -0.985284 0.169791
83.881745 8.932429 0.521463 0.006689 0.014878 -0.989935 0.140578
83.080220 8.789694 0.508522 0.006048 0.016143 -0.989489 0.143576
82.236886 8.674628 0.484503 0.001852 0.017969 -0.989523 0.143241
81.419462 8.572875 0.490729 0.004602 0.012029 -0.989886 0.141280
80.571466 8.478659 0.468898 0.005391 0.014163 -0.991725 0.127482
79.695925 8.422813 0.435113 0.006033 0.014574 -0.997302 0.071694
78.862350 8.428362 0.428136 0.008162 0.015951 -0.999489 0.026468
78.053963 8.544420 0.401516 0.006291 0.014208 -0.999813 -0.011488
77.200685 8.706863 0.408193 0.004234 0.015957 -0.999202 -0.036372
76.360653 8.881797 0.389789 0.004291 0.013419 -0.999723 -0.018867
75.568253 9.035653 0.373063 -0.000901 0.021170 -0.999068 -0.037605
74.755853 9.227703 0.375972 0.001605 0.014854 -0.998727 -0.048184
73.938440 9.443536 0.352818 0.003542 0.011788 -0.998646 -0.050540
73.108401 9.639780 0.340308 0.002234 0.011590 -0.998762 -0.048319
72.320437 9.858384 0.331759 0.003146 0.011813 -0.999044 -0.041980
71.524082 10.038721 0.328163 0.001009 0.013405 -0.998917 -0.044547
70.727066 10.200475 0.319776 0.003903 0.012426 -0.999893 -0.006657
69.893225 10.316967 0.308395 0.003454 0.016806 -0.999610 -0.022020
69.081040 10.497658 0.295619 0.004829 0.011607 -0.999669 -0.022467
68.268372 10.625603 0.284423 0.007595 0.010522 -0.999864 -0.010133
67.447529 10.704263 0.250176 0.001892 0.013452 -0.999351 0.033355
66.568487 10.822740 0.253821 0.005085 0.012631 -0.999906 -0.001298
65.735440 10.960594 0.237415 0.005226 0.007594 -0.999941 -0.005675
64.926278 11.077162 0.223061 0.002261 0.010647 -0.999933 0.003827
64.044197 11.178708 0.200011 0.003174 0.012451 -0.999013 0.042515
63.191156 11.234620 0.195516 -0.002020 0.011258 -0.999751 0.019185
62.393225 11.333239 0.202165 0.002542 0.009843 -0.999799 0.017266
61.560638 11.416250 0.188829 0.002177 0.011261 -0.999794 0.016718
60.723062 11.509058 0.177977 -0.000480 0.011471 -0.999821 0.015053
59.905250 11.582912 0.184106 0.001948 0.013715 -0.999806 0.013995
59.101423 11.674749 0.158624 0.002321 0.011824 -0.999563 0.026984
58.239642 11.768232 0.152024 0.001015 0.012263 -0.999627 0.024381
57.340353 11.856740 0.141089 -0.000690 0.011661 -0.999739 0.019626
56.489195 11.950825 0.127403 0.002196 0.012953 -0.999873 0.009021
55.641159 12.041346 0.130681 0.002230 0.015100 -0.999865 0.006030
54.821730 12.164848 0.120120 -0.000992 0.013067 -0.999907 0.003895
53.996252 12.279490 0.114473 -0.003155 0.013595 -0.999903 0.000119
53.179576 12.386552 0.113607 0.000779 0.013834 -0.999904 0.000304
52.337106 12.502497 0.108322 -0.004429 0.014526 -0.999883 -0.001927
51.472491 12.651147 0.100200 -0.001049 0.016174 -0.999642 -0.021301
50.633933 12.874623 0.085794 0.000685 0.016234 -0.992989 -0.117087
49.852925 13.270428 0.094908 -0.003827 0.012285 -0.984126 -0.177004
49.061600 13.675852 0.118367 -0.014068 0.022910 -0.984980 -0.170565
48.327702 14.073886 0.167573 -0.028062 0.028642 -0.981668 -0.186331
47.747057 14.725809 0.226799 -0.030785 0.026961 -0.906996 -0.419146
47.407347 15.485436 0.279785 -0.030141 0.024381 -0.852298 -0.521618
47.125628 16.270840 0.337894 -0.029282 0.024507 -0.854154 -0.518616
46.873594 17.044689 0.403557 -0.037138 0.028725 -0.855480 -0.515704
46.581986 17.811935 0.476381 -0.037841 0.028412 -0.856039 -0.514740
46.278950 18.555627 0.548467 -0.033864 0.035375 -0.869614 -0.491298
45.517603 18.828854 0.562268 -0.006014 0.033202 -0.991889 0.122544
44.717267 18.720453 0.565793 -0.004407 0.026339 -0.990023 0.138355
43.862075 18.644272 0.573340 -0.009308 0.017020 -0.995019 0.097779
43.043344 18.574630 0.586624 -0.006216 0.009773 -0.991557 0.129156
42.223098 18.488158 0.573475 -0.005549 0.012803 -0.993215 0.115454
41.390522 18.406399 0.584079 -0.005310 0.012631 -0.992372 0.122515
40.571730 18.311725 0.578651 -0.003583 0.014639 -0.993061 0.116634
39.719949 18.229304 0.576352 -0.003161 0.014923 -0.991174 0.131688
38.861193 18.105716 0.563735 -0.005935 0.013589 -0.987927 0.154207
38.036020 17.960219 0.583852 -0.008233 0.014201 -0.989109 0.146265
37.193892 17.824737 0.583131 -0.007608 0.013471 -0.989240 0.145485
36.393825 17.725816 0.582693 -0.004349 0.012763 -0.990537 0.136580
35.594520 17.612427 0.584938 -0.008575 0.012598 -0.995196 0.096704
34.778796 17.654623 0.591614 -0.009233 0.011721 -0.998463 0.053385
33.927276 17.659175 0.600584 -0.008915 0.010275 -0.998030 0.061248
33.109985 17.579303 0.604713 -0.007683 0.010567 -0.992035 0.125287
32.309118 17.501520 0.608898 -0.007808 0.009257 -0.992439 0.122138
31.499033 17.429605 0.604925 -0.003865 0.009690 -0.995182 0.097483
30.696149 17.405603 0.611253 -0.007825 0.011532 -0.996120 0.086893
29.882213 17.398356 0.614870 -0.004409 0.011932 -0.997727 0.066178
29.064745 17.449287 0.622546 -0.007864 0.012520 -0.999540 0.026478
28.264602 17.531300 0.626266 -0.008912 0.011252 -0.999817 0.012669
27.451674 17.632677 0.637731 -0.007866 0.009971 -0.999751 -0.018359
26.656952 17.739457 0.633304 -0.004437 0.009479 -0.999050 0.042305
25.812378 17.785359 0.635954 -0.007076 0.009870 -0.998676 0.049982
25.002487 17.832188 0.645637 -0.006028 0.010549 -0.998685 0.049797
24.192524 17.852306 0.632219 -0.006347 0.009644 -0.998905 0.045343
23.373255 17.919549 0.650205 -0.010455 0.008131 -0.999453 0.030292
22.526151 17.974498 0.656993 -0.009441 0.008783 -0.999428 0.031253
23.392710 17.940665 0.648777 -0.012646 0.008630 -0.998690 0.048825
24.195188 17.901118 0.649445 -0.007356 0.008752 -0.998972 0.043862
25.019255 17.842870 0.640783 -0.010838 0.011970 -0.999870 -0.000353
25.856480 17.721040 0.647895 -0.010224 0.009853 -0.999718 0.019020
26.682811 17.618760 0.628428 -0.007688 0.009701 -0.998919 0.044816
27.517448 17.580783 0.641048 -0.010095 0.010592 -0.998577 0.051284
28.378811 17.539860 0.634534 -0.011202 0.011461 -0.998727 0.047829
29.265244 17.506860 0.625025 -0.010279 0.011824 -0.998631 0.049906
30.085589 17.479289 0.616675 -0.006745 0.011462 -0.998657 0.050078
30.935248 17.444355 0.612150 -0.009610 0.012613 -0.997527 0.068465
31.815611 17.429995 0.610476 -0.007826 0.010231 -0.998143 0.059545
32.682731 17.432884 0.612746 -0.010183 0.010443 -0.995830 0.090049
33.526531 17.456929 0.600756 -0.009703 0.011577 -0.996155 0.086299
34.335527 17.477576 0.591798 -0.011398 0.010910 -0.996129 0.086472
35.191992 17.519452 0.584726 -0.011361 0.012371 -0.994836 0.100094
36.015368 17.566427 0.581054 -0.007961 0.013782 -0.990929 0.133438
36.809908 17.680367 0.584673 -0.007239 0.013999 -0.992777 0.118936
37.632086 17.735018 0.567805 -0.009336 0.013553 -0.991569 0.128527
38.493677 17.829005 0.572660 -0.008211 0.014898 -0.993480 0.112733
39.351880 17.879216 0.557443 -0.009700 0.014174 -0.994178 0.106375
40.189017 17.923383 0.569892 -0.007304 0.015057 -0.993726 0.110584
41.006950 18.003894 0.559562 -0.003723 0.023677 -0.988370 0.150170
41.823815 18.213911 0.565900 -0.004741 0.015858 -0.963359 0.267704
42.486974 17.720525 0.528335 0.020009 0.017848 -0.522922 0.851959
42.899813 16.979138 0.471270 0.025889 0.020578 -0.371693 0.927766
43.409598 16.289646 0.403056 0.028747 0.022184 -0.381381 0.923705
43.901583 15.632296 0.349523 0.024389 0.013442 -0.384959 0.922513
44.417400 14.937025 0.300874 0.020551 0.021938 -0.378550 0.925092
44.912962 14.311583 0.239900 0.025753 0.022392 -0.374158 0.926737
45.376519 13.650104 0.187932 0.026100 0.019083 -0.418659 0.907568
45.692534 12.914951 0.130444 0.020152 0.019749 -0.533245 0.845490
45.828292 12.095146 0.091580 0.015461 0.008819 -0.644474 0.764419
45.717339 11.299002 0.072951 0.014166 0.000803 -0.736850 0.675907
45.378183 10.565225 0.039969 0.013356 -0.000866 -0.838171 0.545243
44.963980 9.844303 0.016190 0.004067 0.001525 -0.825573 0.564278
44.555495 9.066644 0.008004 -0.003251 0.003143 -0.822838 0.568258
44.105312 8.321236 0.000110 0.000498 0.004380 -0.843979 0.536359
43.593941 7.672931 -0.012624 -0.001694 0.003964 -0.870116 0.492829
42.954670 7.082900 -0.010874 -0.010258 0.007582 -0.915664 0.401742
42.252951 6.653032 -0.002986 -0.016043 0.010993 -0.953982 0.299231
41.495621 6.360653 -0.000323 -0.003439 0.007350 -0.992337 0.123298
40.696705 6.300771 -0.020460 0.005576 0.010603 -0.993784 0.110681
39.887802 6.185394 -0.019562 -0.004795 0.007523 -0.979734 0.200105
39.066532 6.017518 -0.024083 -0.004266 0.006023 -0.985070 0.171996
38.191372 5.830518 -0.022990 -0.005944 0.002369 -0.984241 0.176718
37.393716 5.668841 -0.013817 -0.003503 0.004099 -0.983864 0.178839
36.579578 5.473934 -0.024520 -0.006429 0.006779 -0.984478 0.175261
35.719053 5.296645 -0.017408 -0.005279 0.008426 -0.984126 0.177194
34.878343 5.110690 -0.024470 -0.002339 0.007479 -0.984433 0.175584
34.064882 4.946431 -0.026520 0.001235 0.002455 -0.984767 0.173855
33.235875 4.765907 -0.022927 -0.003631 0.007623 -0.983953 0.178226
32.393913 4.596938 -0.030815 -0.004962 0.010071 -0.984378 0.175709
31.540292 4.433913 -0.037684 0.002616 0.004491 -0.985050 0.172187
30.733282 4.241419 -0.036326 -0.006714 0.007382 -0.984671 0.174135
29.885337 4.074144 -0.038531 -0.007943 0.007188 -0.985012 0.172151
29.068264 3.908050 -0.036372 -0.010179 0.008202 -0.984616 0.174240
28.241691 3.730507 -0.030321 -0.004509 0.004893 -0.984693 0.174172
27.355732 3.546500 -0.027496 -0.007030 0.005262 -0.984392 0.175770
26.501944 3.311500 -0.016750 -0.010361 0.002593 -0.968811 0.247571
25.713544 2.984089 -0.014652 -0.012884 0.005821 -0.971673 0.235907
24.878499 2.719753 -0.004896 -0.007512 0.009303 -0.971299 0.237560
24.104914 2.454860 -0.005297 -0.006478 0.004166 -0.971694 0.236118
23.273540 2.162480 -0.000446 -0.001634 0.002654 -0.970648 0.240483
22.500946 1.872684 -0.005856 -0.007229 0.003686 -0.969638 0.244410
21.751279 1.582135 0.006747 -0.008361 0.002626 -0.966650 0.255950
20.934427 1.282716 -0.002909 -0.007504 0.005270 -0.966428 0.256776
20.120502 0.979486 -0.004294 -0.004354 0.005237 -0.966666 0.255951
19.358747 0.637039 -0.004929 -0.010999 0.009247 -0.961449 0.274607
18.626307 0.310938 -0.002584 -0.008284 0.008561 -0.961288 0.275287
17.888907 -0.063608 0.004362 -0.003274 0.008728 -0.953438 0.301446
17.089751 -0.334551 -0.002560 -0.006431 0.013524 -0.985982 0.166180
16.248889 -0.431977 -0.009248 -0.001867 0.011859 -0.994852 0.100623
15.422798 -0.484442 -0.018170 0.000276 0.009491 -0.993702 0.111648
14.542361 -0.541478 -0.016960 -0.002967 0.012369 -0.993087 0.116693
13.727957 -0.612049 -0.037626 0.001847 0.013112 -0.993711 0.111193
12.876065 -0.685833 -0.033489 -0.001953 0.011757 -0.994402 0.104985
12.052603 -0.787590 -0.036010 -0.003137 0.012707 -0.982463 0.186000
11.329538 -1.193830 -0.035916 -0.011772 0.012336 -0.917362 0.397688
10.711421 -1.688386 -0.029658 -0.007298 0.010633 -0.912952 0.407862
9.944869 -1.939240 -0.025157 -0.010022 0.007529 -0.988823 0.148565
9.101329 -2.042849 -0.036672 -0.001114 0.009776 -0.993203 0.115981
8.258185 -2.183897 -0.048406 0.003177 0.007314 -0.984391 0.175812
7.476264 -2.355674 -0.042942 -0.007124 0.011278 -0.983329 0.181343
