1 nan nan nan
2 9.351432335822548 -4.978023802022708 -0.17158208387008783
3 31.685095520810975 1.2033293452880822 -0.14711796206992248
4 24.10289206811907 -0.8210580881535728 -0.13810848686474106
5 39.88150130870731 3.3050686661587205 -0.0750226701087275
6 55.808959770202634 5.7831498503685 -0.07849279214278795
7 63.71068259392168 5.299810796323427 -0.17422545986022628
8 72.19001966687294 4.530283963028124 -0.08277098393279517
9 79.96292619376347 3.8226411819458006 0.2002243212327875
10 88.31104299466904 2.6964588034642887 0.3323205605353395
11 96.8532409630226 11.998759330996343 3.3163947144384127
12 95.9898900349935 0.9258442942301432 0.33214570621649425
13 109.41010491515901 3.875472770211667 3.286128453163797
14 103.70595141719465 -2.427923828783286 0.3900215888753661
15 122.10412177861322 -4.232423079508146 3.0734092232652825
16 110.87579541979639 -5.598672952243066 0.5655496675060997
17 117.89854772929462 -10.382981976951728 0.4131445152018122
18 134.7635542847547 -12.433662470236383 3.1099875912632697
19 124.02990155029296 -15.51754150390625 0.4726125628948212
20 129.61215955608736 -20.881073031321254 0.4249910829734311
21 147.32341741529763 -20.590607941742185 3.1229384806676115
22 135.04608082360573 -26.448822441674405 0.39252520464457674
23 139.22602857858416 -32.865946117883745 0.38410713124873624
24 142.60278086497652 -40.60248951448351 0.3236237674186262
25 151.25800875759046 -41.16660324563789 0.31673428728721265
26 145.4297196281588 -47.97466732459491 0.2800711363742063
27 153.7277918897238 -47.75294554707286 0.2602661663138129
28 146.56955514077484 -56.08888523570375 0.12528946554102144
29 153.44539692609266 -56.42497117941952 0.18834868291790766
30 146.02440176252477 -64.21801960953235 0.07370328701545059
31 157.6452127119172 -63.068395439035335 0.25132111916386013
32 143.9960373343228 -72.11004795283009 -0.10999101179249778
33 159.9170846857099 -28.811219675136392 3.1588267201443276
34 162.56331063880685 -45.95657785732618 0.46371054306144355
35 161.91512226913167 -70.09032121846222 0.246015587113482
36 167.10256737539942 -76.21895672163816 0.22125782857353213
37 172.53886411746538 -82.35681172563378 0.23298080622279585
38 177.81618417760862 -88.29445314256407 0.35490991511884007
39 183.72772297213444 -94.17484973476134 0.448487726178915
40 189.90805373158796 -97.65919351697833 0.20711477127844682
41 198.60749691537177 -100.60668260810789 0.23941450841807776
42 205.4852420045885 -102.37034818360603 0.2902629637604662
43 213.50164647633676 -104.13837681259055 0.3083441011704415
44 221.48020578935365 -105.77759070746782 0.3193960827468512
45 229.52687530238782 -106.66751925020569 0.21313937722804646
46 237.62514584652814 -107.26309370466929 0.27756250124895193
47 245.7100093845175 -107.25535033308115 0.30510644454292174
48 253.89967299553754 -107.00632547931738 0.3507389794469127
49 261.5273085651748 -93.29703348653642 2.999376166370463
50 262.72527507262515 -100.13545307804881 0.39056929912810157
51 269.744052191257 -102.97869509440184 0.3277370068490723
52 271.01343472798663 -116.52656269073486 0.11144589941735224
53 256.160255818217 -120.91121041368501 -0.15334552301312343
54 286.1709744576442 -109.10321880574566 2.7404059049944256
55 295.3863859619987 -114.78503694260867 2.63533974945137
56 279.1327950240602 -120.7314873811579 -0.03937755804955556
57 286.84935762672023 -124.77692755854852 -0.17953746721367259
58 294.3358638577112 -128.70067650109695 -0.24691058651574777
59 307.99613671819264 -122.98931664978612 2.528886695146486
60 302.2672792915027 -132.3654694498897 -0.308009643936507
61 310.42873488524515 -136.4009460371368 -0.41920575676596455
62 318.0607672595631 -140.51049158674513 -0.58977561667347
63 333.49558571960324 -139.1539272399208 1.961940515967027
64 326.0325806853059 -145.0719182398412 -0.7041162050196103
65 346.1716286671143 -147.06925459085625 1.7676663218851087
66 334.4542345319475 -150.4080591353159 -0.825103268263832
67 358.74296831573025 -155.20006323726898 1.5024385033330085
68 371.50732294481554 -163.38865987593704 1.3465084490280783
69 384.1120882715742 -171.39136940684207 1.0616053485051318
70 320.850811629062 -131.06824449106958 2.2302009831503176
71 256.16324795590214 -96.48367030156439 0.33858628258465673
72 248.79303645028668 -85.31848242835044 3.093187122457408
73 228.15698053201967 -85.3494588757484 0.4533323375933779
74 223.40681490725524 -69.01002492739279 3.3053399988930736
75 222.56344334672136 -78.52916522142364 0.6918607634015199
76 236.02553284787768 -77.19659584768968 3.2764104479016636
77 215.57989517366045 -73.14120475691978 0.7205627229478624
78 210.73150061972618 -61.03425334392715 3.3222588233912287
79 208.4236648027287 -68.30263501544331 0.72479236645754
80 198.01353725834701 -52.94328558930172 3.3499113546664523
81 201.0143330060994 -63.25678308229241 0.6650401315761363
82 193.90042408403144 -58.424915428621226 0.7383659212704164
83 185.3159444383638 -44.988573005153555 3.3019812983570853
84 178.78149774812726 -49.66619398781415 0.6886173710216547
85 172.61148078007022 -36.89754402399713 3.3026673917001768
86 168.71292372664797 -47.79240707178055 0.6442975284231638
87 84.34481566205916 20.194104125913768 3.2246489996883936
88 47.42454239485401 5.4065709651006415 -0.23234083751872964
89 39.107331191887056 16.76898019617099 0.44336194574063664
90 34.025884742394375 16.678357795529696 0.4994623679310292
91 26.101553876377984 16.863583527893162 0.5174420867373902
92 18.80716380499209 17.51119534408393 0.7551768830154579
93 273.4775451032332 -101.0578094481866 2.844992189264248
94 318.0524589137027 -156.89124498869242 8.384009311073704
95 339.2191317790263 -166.8494523022626 8.105879962444305
96 363.91187872128666 -177.76421594458475 7.768062714659509
